Company,Specific Bean Origin,REF,ReviewDate,CocoaPercent,CompanyLocation,Rating,BeanType,BroadBeanOrigin
A. Morin,Agua Grande,1876,2016,63,France,3.75, ,Sao Tome
A. Morin,Kpime,1676,2015,70,France,2.75, ,Togo
A. Morin,Atsane,1676,2015,70,France,3, ,Togo
A. Morin,Akata,1680,2015,70,France,3.5, ,Togo
A. Morin,Quilla,1704,2015,70,France,3.5, ,Peru
A. Morin,Carenero,1315,2014,70,France,2.75,Criollo,Venezuela
A. Morin,Cuba,1315,2014,70,France,3.5, ,Cuba
A. Morin,Sur del Lago,1315,2014,70,France,3.5,Criollo,Venezuela
A. Morin,Puerto Cabello,1319,2014,70,France,3.75,Criollo,Venezuela
A. Morin,Pablino,1319,2014,70,France,4, ,Peru
A. Morin,Panama,1011,2013,70,France,2.75, ,Panama
A. Morin,Madagascar,1011,2013,70,France,3,Criollo,Madagascar
A. Morin,Brazil,1011,2013,70,France,3.25, ,Brazil
A. Morin,Equateur,1011,2013,70,France,3.75, ,Ecuador
A. Morin,Colombie,1015,2013,70,France,2.75, ,Colombia
A. Morin,Birmanie,1015,2013,70,France,3, ,Burma
A. Morin,Papua New Guinea,1015,2013,70,France,3.25, ,Papua New Guinea
A. Morin,Chuao,1015,2013,70,France,4,Trinitario,Venezuela
A. Morin,Piura,1019,2013,70,France,3.25, ,Peru
A. Morin,Chanchamayo Province,1019,2013,70,France,3.5, ,Peru
A. Morin,Chanchamayo Province,1019,2013,63,France,4, ,Peru
A. Morin,Bolivia,797,2012,70,France,3.5, ,Bolivia
A. Morin,Peru,797,2012,63,France,3.75, ,Peru
Acalli,"Chulucanas, El Platanal",1462,2015,70,U.S.A.,3.75, ,Peru
Acalli,"Tumbes, Norandino",1470,2015,70,U.S.A.,3.75,Criollo,Peru
Adi,Vanua Levu,705,2011,60,Fiji,2.75,Trinitario,Fiji
Adi,"Vanua Levu, Toto-A",705,2011,80,Fiji,3.25,Trinitario,Fiji
Adi,Vanua Levu,705,2011,88,Fiji,3.5,Trinitario,Fiji
Adi,"Vanua Levu, Ami-Ami-CA",705,2011,72,Fiji,3.5,Trinitario,Fiji
Aequare (Gianduja),"Los Rios, Quevedo, Arriba",370,2009,55,Ecuador,2.75,Forastero (Arriba),Ecuador
Aequare (Gianduja),"Los Rios, Quevedo, Arriba",370,2009,70,Ecuador,3,Forastero (Arriba),Ecuador
Ah Cacao,Tabasco,316,2009,70,Mexico,3,Criollo,Mexico
Akesson's (Pralus),"Bali (west), Sukrama Family, Melaya area",636,2011,75,Switzerland,3.75,Trinitario,Indonesia
Akesson's (Pralus),"Madagascar, Ambolikapiky P.",502,2010,75,Switzerland,2.75,Criollo,Madagascar
Akesson's (Pralus),"Monte Alegre, D. Badero",508,2010,75,Switzerland,2.75,Forastero,Brazil
Alain Ducasse,Trinite,1215,2014,65,France,2.75,Trinitario,Trinidad
Alain Ducasse,Vietnam,1215,2014,75,France,2.75,Trinitario,Vietnam
Alain Ducasse,Madagascar,1215,2014,75,France,3,Trinitario,Madagascar
Alain Ducasse,Chuao,1061,2013,75,France,2.5,Trinitario,Venezuela
Alain Ducasse,"Piura, Perou",1173,2013,75,France,2.5, ,Peru
Alexandre,"Winak Coop, Napo",1944,2017,70,Netherlands,3.5,Forastero (Nacional),Ecuador
Alexandre,"La Dalia, Matagalpa",1944,2017,70,Netherlands,3.5,"Criollo, Trinitario",Nicaragua
Alexandre,Tien Giang,1944,2017,70,Netherlands,3.5,Trinitario,Vietnam
Alexandre,"Makwale Village, Kyela",1944,2017,70,Netherlands,3.5,Forastero,Tanzania
Altus aka Cao Artisan,Momotombo,1728,2016,60,U.S.A.,2.75, ,Nicaragua
Altus aka Cao Artisan,Acopagro,1728,2016,60,U.S.A.,3, ,Peru
Altus aka Cao Artisan,CIAAB Coop,1732,2016,60,U.S.A.,2.5, ,Bolivia
Altus aka Cao Artisan,Villa Andina,1732,2016,60,U.S.A.,2.5, ,Peru
Altus aka Cao Artisan,Gruppo Salinas,1732,2016,60,U.S.A.,2.75, ,Ecuador
Altus aka Cao Artisan,Sur del Lago,1125,2013,60,U.S.A.,2.5, ,Venezuela
Altus aka Cao Artisan,Conacado,1125,2013,60,U.S.A.,3,Trinitario,Dominican Republic
Altus aka Cao Artisan,Bolivia,1129,2013,80,U.S.A.,3.25, ,Bolivia
Altus aka Cao Artisan,Bolivia,1133,2013,60,U.S.A.,3, ,Bolivia
Altus aka Cao Artisan,Peru,1133,2013,60,U.S.A.,3.25, ,Peru
Amano,Morobe,725,2011,70,U.S.A.,4, ,Papua New Guinea
Amano,Dos Rios,470,2010,70,U.S.A.,3.75, ,Dominican Republic
Amano,Guayas,470,2010,70,U.S.A.,4, ,Ecuador
Amano,Chuao,544,2010,70,U.S.A.,3,Trinitario,Venezuela
Amano,Montanya,363,2009,70,U.S.A.,3, ,Venezuela
Amano,"Bali, Jembrana",304,2008,70,U.S.A.,2.75, ,Indonesia
Amano,Madagascar,129,2007,70,U.S.A.,3.5,Trinitario,Madagascar
Amano,Cuyagua,147,2007,70,U.S.A.,3, ,Venezuela
Amano,Ocumare,175,2007,70,U.S.A.,3.75,Criollo,Venezuela
Amatller (Simon Coll),Ghana,322,2009,70,Spain,3,Forastero,Ghana
Amatller (Simon Coll),Ecuador,327,2009,70,Spain,2.75, ,Ecuador
Amatller (Simon Coll),Ecuador,464,2009,85,Spain,2.75, ,Ecuador
Amatller (Simon Coll),Ghana,464,2009,85,Spain,3,Forastero,Ghana
Amazona,"LamasdelChanka, San Martin, Oro Verde coop",1145,2013,72,Peru,3.25, ,Peru
Amazona,"Bellavista Gran Pajeten, San Martin",1145,2013,73,Peru,3.5,Trinitario,Peru
Ambrosia,Belize,1494,2015,64,Canada,3,Trinitario,Belize
Ambrosia,Madagascar,1494,2015,66,Canada,3.25,Trinitario,Madagascar
Ambrosia,Dominican Republic,1498,2015,75,Canada,3.25, ,Dominican Republic
Ambrosia,Papua New Guinea,1498,2015,63,Canada,3.25, ,Papua New Guinea
Ambrosia,Venezuela,1498,2015,70,Canada,3.25, ,Venezuela
Ambrosia,Peru,1498,2015,68,Canada,3.5, ,Peru
Amedei,"Piura, Blanco de Criollo",979,2012,70,Italy,3.75, ,Peru
Amedei,Porcelana,111,2007,70,Italy,4,Criollo (Porcelana),Venezuela
Amedei,Nine,111,2007,75,Italy,4,Blend, 
Amedei,Chuao,111,2007,70,Italy,5,Trinitario,Venezuela
Amedei,Ecuador,123,2007,70,Italy,3,Trinitario,Ecuador
Amedei,Jamaica,123,2007,70,Italy,3,Trinitario,Jamaica
Amedei,Grenada,123,2007,70,Italy,3.5,Trinitario,Grenada
Amedei,Venezuela,123,2007,70,Italy,3.75,Trinitario (85 Criollo),Venezuela
Amedei,Madagascar,123,2007,70,Italy,4,Trinitario (85 Criollo),Madagascar
Amedei,Trinidad,129,2007,70,Italy,3.5,Trinitario,Trinidad
Amedei,Toscano Black,170,2007,63,Italy,3.5,Blend, 
Amedei,Toscano Black,40,2006,70,Italy,5,Blend, 
Amedei,Toscano Black,75,2006,66,Italy,4,Blend, 
AMMA,Catongo,1065,2013,75,Brazil,3.25,Forastero (Catongo),Brazil
AMMA,"Monte Alegre, 3 diff. plantations",572,2010,85,Brazil,2.75,Forastero (Parazinho),Brazil
AMMA,"Monte Alegre, 3 diff. plantations",572,2010,50,Brazil,3.75,Forastero (Parazinho),Brazil
AMMA,"Monte Alegre, 3 diff. plantations",572,2010,75,Brazil,3.75,Forastero (Parazinho),Brazil
AMMA,"Monte Alegre, 3 diff. plantations",572,2010,60,Brazil,4,Forastero (Parazinho),Brazil
Anahata,Elvesia,1259,2014,75,U.S.A.,3, ,Dominican Republic
Animas,Alto Beni,1852,2016,75,U.S.A.,3.5, ,Bolivia
Ara,Madagascar,1375,2014,75,France,3,Trinitario,Madagascar
Ara,Chiapas,1379,2014,72,France,2.5, ,Mexico
Ara,Equateur,1379,2014,75,France,2.75, ,Ecuador
Ara,Trincheras,1379,2014,75,France,3, ,Venezuela
Arete,San Juan,1724,2016,70,U.S.A.,3.5,Trinitario,Trinidad
Arete,Kokoa Kamili,1724,2016,70,U.S.A.,3.75, ,Tanzania
Arete,Tien Giang,1900,2016,73,U.S.A.,3.5,Trinitario,Vietnam
Arete,Hacienda Victoria,1904,2016,70,U.S.A.,3.25, ,Ecuador
Arete,Costa Esmeraldas,1904,2016,70,U.S.A.,3.25, ,Ecuador
Arete,Lachua,1904,2016,70,U.S.A.,3.5, ,Guatemala
Arete,Rugoso,1904,2016,70,U.S.A.,3.75, ,Nicaragua
Arete,"La Masica, FHIA",1908,2016,70,U.S.A.,3.5, ,Honduras
Arete,"Coto Brus, Terciopelo",1908,2016,70,U.S.A.,4, ,Costa Rica
Arete,Phantom,1924,2016,70,U.S.A.,4,Forastero (Nacional),Peru
Arete,Elvesia,1928,2016,70,U.S.A.,3.75, ,Dominican Republic
Arete,Matasawalevu,1928,2016,70,U.S.A.,3.25, ,Fiji
Arete,Lam Dong,1928,2016,73,U.S.A.,3.25, ,Vietnam
Arete,Fazenda Camboa,1534,2015,70,U.S.A.,3.5, ,Brazil
Arete,Nacional,1534,2015,68,U.S.A.,3.5,Forastero (Nacional),Peru
Arete,"Puerto Quito, heirloom",1534,2015,70,U.S.A.,3.75,Forastero (Nacional),Ecuador
Arete,Oko Caribe,1598,2015,70,U.S.A.,3.5, ,Domincan Republic
Arete,Maya Mountain,1598,2015,70,U.S.A.,3.75,Trinitario,Belize
Arete,Chuno,1598,2015,70,U.S.A.,4,"Criollo, Trinitario",Nicaragua
Arete,Fazenda Camboa,1602,2015,75,U.S.A.,2.75, ,Brazil
Arete,Guatemala,1602,2015,70,U.S.A.,3.25, ,Guatemala
Arete,Camino Verde,1602,2015,75,U.S.A.,3.5, ,Ecuador
Artisan du Chocolat,"Trinidad, Heritage, Limited ed.",1193,2013,72,U.K.,3.25,Trinitario,Trinidad
Artisan du Chocolat,"Colombia, Casa Luker",947,2012,72,U.K.,3.75, ,Colombia
Artisan du Chocolat,Haiti,729,2011,72,U.K.,4, ,Haiti
Artisan du Chocolat,Panama,745,2011,72,U.K.,2.75, ,Panama
Artisan du Chocolat,Venezuela,486,2010,100,U.K.,1.75, ,Venezuela
Artisan du Chocolat,Jamaica,531,2010,72,U.K.,3.75,Trinitario,Jamaica
Artisan du Chocolat,Costa Rica,600,2010,72,U.K.,3.25, ,Costa Rica
Artisan du Chocolat,Ba Ria Vung Tau Province,600,2010,72,U.K.,3.25,Trinitario,Vietnam
Artisan du Chocolat,Bali,600,2010,72,U.K.,3.5, ,Indonesia
Artisan du Chocolat,"Ocumare, Venezuela",355,2009,75,U.K.,2.5,"Criollo, Trinitario",Venezuela
Artisan du Chocolat,Java,355,2009,72,U.K.,2.75,Trinitario,Indonesia
Artisan du Chocolat,Brazil Rio Doce,363,2009,72,U.K.,1.75, ,Brazil
Artisan du Chocolat,Madagascar,363,2009,80,U.K.,3,"Criollo, Trinitario",Madagascar
Artisan du Chocolat,Peru,363,2009,75,U.K.,3,Criollo,Peru
Artisan du Chocolat,Dominican Republic,363,2009,72,U.K.,3.25,Trinitario,Dominican Republic
Artisan du Chocolat,Congo,300,2008,72,U.K.,3.75,Forastero,Congo
Artisan du Chocolat (Casa Luker),"Orinoqua Region, Arauca",1181,2013,72,U.K.,2.75,Trinitario,Colombia
Askinosie,Mababa,1780,2016,68,U.S.A.,3.75,Trinitario,Tanzania
Askinosie,"Tenende, Uwate",647,2011,72,U.S.A.,3.75,Trinitario,Tanzania
Askinosie,Cortes,661,2011,70,U.S.A.,3.75,Trinitario,Honduras
Askinosie,Davao,331,2009,77,U.S.A.,3.75,Trinitario,Philippines
Askinosie,Xoconusco,141,2007,75,U.S.A.,2.5,Trinitario,Mexico
Askinosie,San Jose del Tambo,175,2007,70,U.S.A.,3,Forastero (Arriba),Ecuador
Bahen & Co.,Houseblend,1474,2015,80,Australia,3.25, , 
Bahen & Co.,Papua New Guinea,1474,2015,70,Australia,3.5, ,Papua New Guinea
Bahen & Co.,Sambirano,995,2012,70,Australia,3,Trinitario,Madagascar
Bahen & Co.,Bahia,999,2012,70,Australia,2.5, ,Brazil
Bahen & Co.,Houseblend,999,2012,70,Australia,2.5,Blend, 
Bakau,"Bambamarca, 2015",1454,2015,70,Peru,2.75, ,Peru
Bakau,"Huallabamba, 2015",1454,2015,70,Peru,3.5, ,Peru
Bar Au Chocolat,Bahia,1554,2015,70,U.S.A.,3.5, ,Brazil
Bar Au Chocolat,Maranon Canyon,1295,2014,70,U.S.A.,4,Forastero (Nacional),Peru
Bar Au Chocolat,Duarte Province,983,2012,70,U.S.A.,3.25, ,Dominican Republic
Bar Au Chocolat,Chiapas,983,2012,70,U.S.A.,3.5, ,Mexico
Bar Au Chocolat,Sambirano,983,2012,70,U.S.A.,3.75,Trinitario,Madagascar
Baravelli's,single estate,955,2012,80,Wales,2.75, ,Costa Rica
Batch,"Dominican Republic, Batch 3",1840,2016,65,U.S.A.,3.5, ,Domincan Republic
Batch,Brazil,1868,2016,70,U.S.A.,3.75, ,Brazil
Batch,Ecuador,1880,2016,65,U.S.A.,3.25, ,Ecuador
Beau Cacao,"Asajaya E, NW Borneo, b. #132/4500",1948,2017,73,U.K.,3, ,Malaysia
Beau Cacao,"Serian E., NW Borneo, b. #134/3800",1948,2017,72,U.K.,3.25, ,Malaysia
Beehive,"Brazil, Batch 20316",1784,2016,80,U.S.A.,2.75, ,Brazil
Beehive,"Dominican Republic, Batch 31616",1784,2016,70,U.S.A.,2.75, ,Domincan Republic
Beehive,"Ecuador, Batch 31516",1784,2016,70,U.S.A.,2.75, ,Ecuador
Beehive,Ecuador,1788,2016,90,U.S.A.,2.75, ,Ecuador
Belcolade,Costa Rica,586,2010,64,Belgium,2.75, ,Costa Rica
Belcolade,Papua New Guinea,586,2010,64,Belgium,2.75, ,Papua New Guinea
Belcolade,Peru,586,2010,64,Belgium,2.75, ,Peru
Belcolade,Ecuador,586,2010,71,Belgium,3.5, ,Ecuador
Bellflower,"Kakao Kamili, Kilombero Valley",1800,2016,70,U.S.A.,3.5,"Criollo, Trinitario",Tanzania
Bellflower,"Alto Beni, Palos Blanco",1804,2016,70,U.S.A.,3.25, ,Bolivia
Bellflower,"Oko Caribe, Duarte P.",1864,2016,70,U.S.A.,3.5, ,Domincan Republic
Belyzium,"Belize south, low fermentation",1768,2016,83,Germany,2.75,Trinitario,Belize
Belyzium,Belize south,1768,2016,78,Germany,3,Trinitario,Belize
Belyzium,Belize south,1768,2016,83,Germany,3.5,Trinitario,Belize
Benoit Nihant,Baracoa,1141,2013,74,Belgium,3.5,Trinitario,Cuba
Benoit Nihant,Chuao,1141,2013,74,Belgium,3.5,Criollo,Venezuela
Benoit Nihant,Cuyagua Village,1141,2013,74,Belgium,3.5,Criollo,Venezuela
Benoit Nihant,Rio Peripa H.,1141,2013,73,Belgium,4,Trinitario,Ecuador
Benoit Nihant,"Bali, Sukrama Bros. Farm, Melaya, 62hr C",757,2011,72,Belgium,4,Trinitario,Indonesia
Benoit Nihant,"Somia Plantation, Sambirano, 70hr C",773,2011,72,Belgium,3.75,Trinitario,Madagascar
Bernachon,Nature,797,2012,55,France,2.75, , 
Beschle (Felchlin),Madagascar,636,2011,64,Switzerland,3,Trinitario,Madagascar
Beschle (Felchlin),Maracaibo,636,2011,88,Switzerland,3,Criollo,Venezuela
Beschle (Felchlin),"Indigena Amazonia, Grand Cru, Quizas",636,2011,72,Switzerland,3.5, ,Venezuela
Beschle (Felchlin),Ecuador,636,2011,72,Switzerland,4, ,Ecuador
Beschle (Felchlin),"Carenero S., Barlovento, Grand Cru",508,2010,70,Switzerland,3.25,Trinitario,Venezuela
Beschle (Felchlin),"Porcelana, Premier Cru, Quizas No. 1",508,2010,74,Switzerland,3.25,Criollo (Porcelana),Venezuela
Beschle (Felchlin),"Java, Grand Cru",508,2010,64,Switzerland,3.5, ,Indonesia
Beschle (Felchlin),"Ocumare, Premier Cru, Quizas No. 2",508,2010,72,Switzerland,3.5, ,Venezuela
Bisou,"Nicaragua, American style",1482,2015,76,U.S.A.,2.5, ,Nicaragua
Bisou,"San Andres, American style",1486,2015,76,U.S.A.,2.5, ,Costa Rica
Bisou,"San Andres, silk",1486,2015,78,U.S.A.,2.5, ,Costa Rica
Bisou,Belize,1486,2015,86,U.S.A.,3.25,Trinitario,Belize
Bittersweet Origins,Ghana,963,2012,72,U.S.A.,3.5,Forastero,Ghana
Bittersweet Origins,"Bali, Singaraja",478,2010,75,U.S.A.,3.25, ,Indonesia
Bittersweet Origins,2009 Hapa Nibby,502,2010,70,U.S.A.,3.75,Blend,"Dominican Rep., Bali"
Bittersweet Origins,"Bali, Singaraja",558,2010,65,U.S.A.,2.75, ,Indonesia
Bittersweet Origins,"Sambirano, 2009",565,2010,70,U.S.A.,3,Trinitario,Madagascar
Bittersweet Origins,"Ocumare, prototype",565,2010,78,U.S.A.,3,Criollo,Venezuela
Bittersweet Origins,Puerto Plata,414,2009,75,U.S.A.,3, ,Dominican Republic
Bittersweet Origins,Puerto Plata,414,2009,65,U.S.A.,3.5, ,Dominican Republic
Bittersweet Origins,Sambirano,423,2009,75,U.S.A.,3.25,Trinitario,Madagascar
Bittersweet Origins,Sambirano,431,2009,65,U.S.A.,3.5,Trinitario,Madagascar
Bittersweet Origins,Sambirano,233,2008,71,U.S.A.,3,Trinitario,Madagascar
Bittersweet Origins,Bocas del Toro,233,2008,75,U.S.A.,3.5, ,Panama
Bittersweet Origins,Puerto Plata,233,2008,68,U.S.A.,3.75, ,Dominican Republic
Bittersweet Origins,Ankasa,256,2008,70,U.S.A.,3,Forastero,Ghana
Black Mountain,La Red,256,2008,70,U.S.A.,2.75, ,Dominican Republic
Black Mountain,Carenero Superior,256,2008,70,U.S.A.,2.75,Trinitario,Venezuela
Black Mountain,Matiguas,256,2008,70,U.S.A.,3, ,Nicaragua
Black River (A. Morin),Blue Mountain Region,1331,2014,70,U.K.,2.75,Trinitario,Jamaica
Blanxart,"Congo, Grand Cru",1046,2013,82,Spain,3.5,Forastero,Congo
Blanxart,Organic Dark,322,2009,72,Spain,2.75, , 
Blue Bandana,"Akesson's E., Sambirano V.",1740,2016,82,U.S.A.,3.5,Trinitario,Madagascar
Blue Bandana,Lachua,1752,2016,75,U.S.A.,2.75, ,Guatemala
Blue Bandana,Kokoa Kamili,1752,2016,75,U.S.A.,3.5, ,Tanzania
Blue Bandana,Zorzal Reserva,1756,2016,75,U.S.A.,3, ,Dominican Republic
Blue Bandana,Guatemala,911,2012,70,U.S.A.,3.5, ,Guatemala
Blue Bandana,Madagascar,911,2012,70,U.S.A.,3.75,Trinitario,Madagascar
Bonnat,Selva Maya,1912,2016,75,France,3.5, ,Mexico
Bonnat,Kaori,1339,2014,75,France,4, ,Brazil
Bonnat,"Los Colorados, Santo Domingo, Equateur",1418,2014,75,France,3.25, ,Dominican Republic
Bonnat,Surfin,1418,2014,65,France,3.75, ,"Venez,Africa,Brasil,Peru,Mex"
Bonnat,Maragnam,1038,2013,75,France,3.5, ,Brazil
Bonnat,Gabon,1042,2013,75,France,3.25, ,Gabon
Bonnat,Cuba,629,2011,75,France,3.5,Trinitario,Cuba
Bonnat,"Cusco, Cacao Cusco",629,2011,75,France,3.5, ,Peru
Bonnat,Piura Blanco,629,2011,75,France,3.5,Forastero (Nacional),Peru
Bonnat,Libanio,629,2011,75,France,3.75, ,Brazil
Bonnat,Haiti,629,2011,75,France,4, ,Haiti
Bonnat,"Madagascar, 100 criollo",629,2011,75,France,4,Criollo,Madagascar
Bonnat,Juliana,672,2011,75,France,3.5, ,Brazil
Bonnat,Jamaique,761,2011,75,France,3.25,Trinitario,Jamaica
Bonnat,Ivory Coast,331,2009,75,France,3, ,Ivory Coast
Bonnat,"Porcelana, Apotequil",336,2009,75,France,2.75,Criollo,Peru
Bonnat,"Porcelana, Tabasco, Marfil de Blanco",336,2009,75,France,3,Criollo,Mexico
Bonnat,"Xoconusco, cacao Real",395,2009,75,France,3,Criollo,Mexico
Bonnat,"Porcelana, Venezuela",199,2008,75,France,4,Criollo (Porcelana),Venezuela
Bonnat,Equateur,123,2007,75,France,2.5,Forastero (Arriba),Ecuador
Bonnat,Trinite,24,2006,75,France,3.75,Trinitario,Carribean
Bonnat,"Ocumare, Puerto Cabello",32,2006,75,France,4, ,Venezuela
Bonnat,"Maracaibo, El Rosario",48,2006,75,France,4,Criollo,Venezuela
Bonnat,Madagascar,75,2006,75,France,4,Trinitario,Madagascar
Bonnat,One Hundred,81,2006,100,France,1.5, , 
Bonnat,Ceylan,81,2006,75,France,3, ,Sri Lanka
Bonnat,Chuao,81,2006,75,France,4,Trinitario,Venezuela
Bouga Cacao (Tulicorp),"El Oro, Hacienda de Oro",316,2009,77,Ecuador,3.25,Forastero (Arriba),Ecuador
Bouga Cacao (Tulicorp),"El Oro, Hacienda de Oro",341,2009,100,Ecuador,1.5,Forastero (Arriba),Ecuador
Bowler Man,Maya Mountain,1267,2014,70,U.S.A.,2.75,Trinitario,Belize
Bowler Man,Conacado,1271,2014,70,U.S.A.,2.75, ,Dominican Republic
Brasstown aka It's Chocolate,"Guasare, Zulia Prov.",1868,2016,70,U.S.A.,3.5,Criollo,Venezuela
Brasstown aka It's Chocolate,"O'payo, Waslala",1868,2016,70,U.S.A.,3.75, ,Nicaragua
Brasstown aka It's Chocolate,Conacado,1462,2015,68,U.S.A.,3.75, ,Dominican Republic
Brasstown aka It's Chocolate,Maya Mountain,1255,2014,70,U.S.A.,3.75,Trinitario,Belize
Brasstown aka It's Chocolate,Chuao,1355,2014,70,U.S.A.,4,Trinitario,Venezuela
Brasstown aka It's Chocolate,Cooproagro,1125,2013,72,U.S.A.,3,Trinitario,Dominican Republic
Brasstown aka It's Chocolate,"Camino Verde, Guayas",1125,2013,70,U.S.A.,3.25, ,Ecuador
Brasstown aka It's Chocolate,Ghana,1129,2013,75,U.S.A.,3.5,Forastero,Ghana
Brasstown aka It's Chocolate,"Chuao, Mantuano blend",1129,2013,85,U.S.A.,3.5,Trinitario,Venezuela
Brazen,Elvesia P.,1514,2015,60,U.S.A.,3, ,Dominican Republic
Brazen,Elvesia P.,1514,2015,80,U.S.A.,3.25, ,Dominican Republic
Brazen,"Alta Verapaz, 2014",1514,2015,70,U.S.A.,3.5, ,Guatemala
Brazen,Ambolikapiky P.,1518,2015,80,U.S.A.,2.75, ,Madagascar
Brazen,Maya Mountain,1518,2015,80,U.S.A.,3.25,Trinitario,Belize
Brazen,Ambolikapkly P.,1518,2015,60,U.S.A.,3.25, ,Madagascar
Breeze Mill,Jamaica,1149,2013,70,U.S.A.,3,Trinitario,Jamaica
Bright,Somia Plantation,1231,2014,72,Australia,3,Trinitario,Madagascar
Bright,Marabel Farms,1231,2014,70,Australia,3.5, ,Dominican Republic
Bright,"Camino Verde, Balao, Guayas",1231,2014,72,Australia,3.5, ,Ecuador
Bright,Gran Couva,1235,2014,68,Australia,2.75,Trinitario,Trinidad
Britarev,Ecuador,1638,2015,70,Russia,3.25, ,Ecuador
Bronx Grrl Chocolate,Dominican Republic,1181,2013,68,U.S.A.,2.75, ,Dominican Republic
Burnt Fork Bend,Trinidad,1299,2014,72,U.S.A.,3.25,Trinitario,Trinidad
Burnt Fork Bend,Mindo,1299,2014,72,U.S.A.,3.5, ,Ecuador
Burnt Fork Bend,Belize,1303,2014,72,U.S.A.,3.25,Trinitario,Belize
Burnt Fork Bend,Blend,1303,2014,72,U.S.A.,3.25,Blend, 
Burnt Fork Bend,"Ecuador, Bob Bar",1323,2014,60,U.S.A.,2.5, ,Ecuador
Cacao Arabuco,Puerto Rico,1606,2015,70,Puerto Rico,2.5, ,Puerto Rico
Cacao Atlanta,Tumbes,1215,2014,75,U.S.A.,2.5,Criollo,Peru
Cacao Atlanta,"Dominican Republic, ""Love Bar""",502,2010,75,U.S.A.,2.5, ,Dominican Republic
Cacao Atlanta,Dominican Republic w/ nibs,502,2010,75,U.S.A.,2.75, ,Dominican Republic
Cacao Atlanta,Patanemo,600,2010,75,U.S.A.,2.25, ,Venezuela
Cacao Barry,Grand 'Anse,1716,2016,65,France,3.5,"Trinitario, Criollo",Haiti
Cacao Barry,Santo Domingo,586,2010,70,France,3, ,Dominican Republic
Cacao Barry,Tanzania,300,2008,75,France,2, ,Tanzania
Cacao Barry,Venezuela,141,2007,72,France,2, ,Venezuela
Cacao Barry,Mexico,147,2007,66,France,3, ,Mexico
Cacao de Origen,Chuao,1688,2015,77,Venezuela,3.5,Trinitario,Venezuela
Cacao de Origen,Rio Caribe,1692,2015,75,Venezuela,3.25,Trinitario,Venezuela
Cacao de Origen,Agua Fria; Sucre region,1391,2014,75,Venezuela,2.5, ,Venezuela
Cacao de Origen,Macuare; Miranda; Chloe formula,1391,2014,74,Venezuela,3.25, ,Venezuela
Cacao de Origen,"Chuao, Aragua region",1391,2014,75,Venezuela,3.5,Trinitario,Venezuela
Cacao de Origen,"Chuao, Aragua region",1395,2014,70,Venezuela,3.75,Trinitario,Venezuela
Cacao de Origin,Hacienda la Trinidad,1668,2015,74,Venezuela,3.25, ,Venezuela
Cacao Hunters,Macondo,1816,2016,71,Colombia,3.75, ,Colombia
Cacao Hunters,Perla Negra,1816,2016,74,Colombia,3.75, ,Colombia
Cacao Hunters,Arhuacos,1662,2015,72,Colombia,3.75, ,Colombia
Cacao Hunters,Sierra Nevada,1430,2014,64,Colombia,3.5, ,Colombia
Cacao Hunters,Tumaco,1430,2014,70,Colombia,3.5, ,Colombia
Cacao Hunters,"Boyaca, Aprocampa Coop, Pauna",1434,2014,69,Colombia,2.75, ,Colombia
Cacao Hunters,Arauca,1434,2014,70,Colombia,3.25, ,Colombia
Cacao Market,"Jutiapa, lot 050916D",1860,2016,70,U.S.A.,3.5,Trinitario,Honduras
Cacao Prieto,"Criollo, Dominican Republic",991,2012,72,U.S.A.,3.75,Criollo,Dominican Republic
Cacao Prieto,"Dominican Republicm, rustic",641,2011,72,U.S.A.,3, ,Dominican Republic
Cacao Prieto,Dominican Republic,641,2011,66,U.S.A.,3.75, ,Dominican Republic
Cacao Prieto,"Dominican Republic, rustic",647,2011,65,U.S.A.,3.25, ,Dominican Republic
Cacao Sampaka,"Mahali, Kasai",1908,2016,70,Spain,3.5,Criollo,Congo
Cacao Sampaka,Madagascar,508,2010,71,Spain,3.5,Trinitario,Madagascar
Cacao Sampaka,Ecuador,523,2010,71,Spain,3.75, ,Ecuador
Cacao Sampaka,Papua,523,2010,71,Spain,4, ,Papua New Guinea
Cacao Sampaka,Grenada,537,2010,71,Spain,3.25,Trinitario,Grenada
Cacao Sampaka,Venezuela,537,2010,71,Spain,3.5, ,Venezuela
Cacao Sampaka,Venezuela,537,2010,77,Spain,3.5, ,Venezuela
Cacao Sampaka,"Porcelana, Tabasco, La Joya",336,2009,70,Spain,4,Criollo,Mexico
Cacao Sampaka,"Xoconusco, Chiapas",346,2009,70,Spain,4,Criollo,Mexico
Cacao Store,Madagascar,1684,2015,70,Japan,3,Trinitario,Madagascar
Cacao Store,Peru,1684,2015,70,Japan,3.25, ,Peru
Cacao Store,Vietnam,1684,2015,70,Japan,3.5,Trinitario,Vietnam
Cacaosuyo (Theobroma Inversiones),Piura,1173,2013,70,Peru,3.25, ,Peru
Cacaoyere (Ecuatoriana),Amazonia,237,2008,63,Ecuador,3.5,Forastero (Arriba),Ecuador
Cacaoyere (Ecuatoriana),Esmeraldas,237,2008,71,Ecuador,3.5,Forastero (Arriba),Ecuador
Cacaoyere (Ecuatoriana),Bolivar,245,2008,82,Ecuador,2.5,Forastero (Arriba),Ecuador
Cacaoyere (Ecuatoriana),Pichincha,259,2008,91,Ecuador,1.5,Forastero (Arriba),Ecuador
Callebaut,Grenade,296,2008,60,Belgium,2.75,Trinitario,Grenada
Callebaut,Baking,141,2007,70,Belgium,1, ,Ecuador
C-Amaro,Cuba,1442,2014,75,Italy,2.5, ,Cuba
C-Amaro,Dominican Republic,1442,2014,72,Italy,3, ,Dominican Republic
C-Amaro,"Lago di Como, Blu",1442,2014,70,Italy,3.5,Blend, 
C-Amaro,Ecuador,1185,2013,100,Italy,3.5, ,Ecuador
C-Amaro,Venezuela,809,2012,80,Italy,3, ,Venezuela
C-Amaro,Sao Tome,749,2011,78,Italy,2.25,Forastero,Sao Tome
C-Amaro,Trinidad,765,2011,70,Italy,2.5,Trinitario,Trinidad
Cao,Porcelana,1804,2016,75,U.S.A.,2.5,Criollo,Venezuela
Cao,Tanzania,1804,2016,73,U.S.A.,2.75, ,Tanzania
Cao,"Porcelana, Batch 5163",1804,2016,70,U.S.A.,3,Criollo,Venezuela
Cao,Bolivia,1808,2016,75,U.S.A.,3, ,Bolivia
Cao,Brazil,1808,2016,70,U.S.A.,3.25,Trinitario,Brazil
Caoni (Tulicorp),Esmeraldas,237,2008,77,Ecuador,2,Forastero (Arriba),Ecuador
Caoni (Tulicorp),Manabi,237,2008,77,Ecuador,2.5,Forastero (Arriba),Ecuador
Caoni (Tulicorp),Los Rios,245,2008,77,Ecuador,2.75,Forastero (Arriba),Ecuador
Caoni (Tulicorp),Manabi,266,2008,55,Ecuador,3,Forastero (Arriba),Ecuador
Caoni (Tulicorp),Los Rios,269,2008,55,Ecuador,3.25,Forastero (Arriba),Ecuador
Caoni (Tulicorp),Esmeraldas,269,2008,55,Ecuador,3.5,Forastero (Arriba),Ecuador
Captain Pembleton,"Saidor Estate, Madang P.",1263,2014,70,New Zealand,3.5,Trinitario,Papua New Guinea
Captain Pembleton,Kulili Estate,1263,2014,70,New Zealand,3.75, ,Papua New Guinea
Caribeans,"Antigua, Special Reserve",1582,2015,72,Costa Rica,3.5, ,Guatemala
Caribeans,"Talamanca, Raul-Kekoldo community",1586,2015,72,Costa Rica,3.25, ,Costa Rica
Caribeans,Anselmo Paraiso Estate,1586,2015,72,Costa Rica,3.5, ,Costa Rica
Caribeans,Costa Rica,841,2012,72,Costa Rica,3,Forastero,Costa Rica
Caribeans,Costa Rica,845,2012,80,Costa Rica,2.75,Forastero,Costa Rica
Carlotta Chocolat,Arauca,1884,2016,65,Colombia,3,Trinitario,Colombia
Carlotta Chocolat,Tumaco,1888,2016,65,Colombia,3.25,Trinitario,Colombia
Carlotta Chocolat,Cordoba,1888,2016,65,Colombia,3.25,Trinitario,Colombia
Carlotta Chocolat,Huila,1888,2016,65,Colombia,3.5,Trinitario,Colombia
Carlotta Chocolat,Cesar,1888,2016,65,Colombia,3.5,CCN51,Colombia
Castronovo,"Maya Mtn, Batch 454, Heirloom",1724,2016,72,U.S.A.,4,Trinitario,Belize
Castronovo,"the lost city, gracias a dias, batch 362",1570,2015,72,U.S.A.,3.5,Trinitario,Honduras
Castronovo,"Duarte, Batch 360",1570,2015,70,U.S.A.,3.75,"Criollo, Trinitario",Domincan Republic
Castronovo,"Piaroa, Amazonas, Batch 350",1574,2015,72,U.S.A.,3.5, ,Venezuela
Castronovo,Sierra Nevada,1347,2014,72,U.S.A.,3.5,"Criollo, Trinitario",Colombia
Castronovo,Arauca,1371,2014,76,U.S.A.,3.5,"Criollo, Trinitario",Colombia
Castronovo,Elvesia P.,1407,2014,70,U.S.A.,2.75,Trinitario,Dominican Republic
Castronovo,Bolivia,1101,2013,70,U.S.A.,3,Trinitario,Bolivia
Castronovo,Conacado,1101,2013,73,U.S.A.,3.5,Trinitario,Dominican Republic
Castronovo,San Martin,1105,2013,70,U.S.A.,2.5,Criollo,Peru
Castronovo,"Guaniamo, Amazonas",1105,2013,70,U.S.A.,3.25, ,Venezuela
Castronovo,Nicaragua,1109,2013,72,U.S.A.,3.25,Trinitario,Nicaragua
Castronovo,Tumbes,1153,2013,70,U.S.A.,2.75,Criollo,Peru
Castronovo,Guaniamo,1153,2013,72,U.S.A.,3, ,Venezuela
Cello,Ecuador,1247,2014,70,U.S.A.,2.5, ,Ecuador
Cello,Peru,1247,2014,70,U.S.A.,2.75, ,Peru
Cello,Venezuela,1251,2014,70,U.S.A.,2.75, ,Venezuela
Cello,Bolivia,1251,2014,70,U.S.A.,3, ,Bolivia
Cemoi,Equateur,404,2009,72,France,2.75, ,Ecuador
Chaleur B,Uganda,1426,2014,70,Canada,2.75,Forastero,Uganda
Charm School,Maya Mtn,1900,2016,70,U.S.A.,3.25, ,Belize
Chchukululu (Tulicorp),Arriba,486,2010,55,Ecuador,2.75,Forastero (Arriba),Ecuador
Chchukululu (Tulicorp),Los Rios,252,2008,75,Ecuador,3,Forastero (Arriba),Ecuador
Chequessett,la Amistad,1235,2014,70,U.S.A.,3.5, ,Costa Rica
Chloe Chocolat,Blend No. 1,672,2011,70,France,3.5, , 
Chocablog,Ecuador,1454,2015,70,U.K.,3.25, ,Ecuador
Choco Del Sol,Maya Mountain w/ nibs,1407,2014,75,Germany,3,Trinitario,Belize
Choco Del Sol,Maya Mountain,1407,2014,82,Germany,3.25,Trinitario,Belize
Choco Dong,"Mekong Delta, early 2014 Harvest",1696,2015,70,South Korea,2.75,Trinitario,Vietnam
Choco Dong,"Tawau, Oct. 2015 Harvest",1696,2015,70,South Korea,3.5,Trinitario,Malaysia
Chocolarder,Peru,1482,2015,65,U.K.,2.5,Criollo,Peru
Chocolarder,Peru + nibs,1482,2015,65,U.K.,2.75,Criollo,Peru
Chocolarder,Dominican Republic,1514,2015,80,U.K.,2.5, ,Dominican Republic
Chocola'te,Madagascar,647,2011,70,U.S.A.,3.75,Trinitario,Madagascar
Chocola'te,Venezuela,647,2011,68,U.S.A.,3.75, ,Venezuela
Chocolate Alchemist-Philly,"Tumbes, ""Zarumilla""",1772,2016,90,U.S.A.,2.5, ,Peru
Chocolate Alchemist-Philly,"Philly Blend, 5 plantations",1772,2016,80,U.S.A.,2.5, , 
Chocolate Con Amor,Wild Bolivian,1760,2016,70,U.S.A.,2.5, ,Bolivia
Chocolate Con Amor,Uganda,1760,2016,70,U.S.A.,2.75, ,Uganda
Chocolate Con Amor,Dominican Republic,1764,2016,60,U.S.A.,3, ,Dominican Republic
Chocolate Con Amor,Dominican Republic,1764,2016,75,U.S.A.,3, ,Dominican Republic
Chocolate Con Amor,Ocumare,1764,2016,80,U.S.A.,3,Criollo (Ocumare),Venezuela
Chocolate Con Amor,Ecuador,1764,2016,70,U.S.A.,3.25, ,Ecuador
Chocolate Con Amor,Nicaragua,1768,2016,80,U.S.A.,2.75, ,Nicaragua
Chocolate Conspiracy,Peru,1259,2014,74,U.S.A.,2.75, ,Peru
Chocolate Makers,Tres Hombres,1530,2015,75,Amsterdam,3.25,Trinitario,Dominican Republic
Chocolate Makers,"Congo, Gorilla bar",1530,2015,68,Amsterdam,3.5,Forastero,Congo
Chocolate Makers,"Peru, Awagum bar",1530,2015,80,Amsterdam,3.75,Criollo,Peru
"Chocolate Tree, The",Maranon,1582,2015,69,Scotland,3.75,Forastero (Nacional),Peru
"Chocolate Tree, The",Carenero Superior,1582,2015,80,Scotland,3.75,Trinitario,Venezuela
"Chocolate Tree, The",Peru,1121,2013,70,Scotland,3.75,Forastero (Nacional),Peru
"Chocolate Tree, The",Ecuador,919,2012,82,Scotland,2.5,Forastero (Arriba),Ecuador
"Chocolate Tree, The",Peru,919,2012,68,Scotland,2.75,Criollo,Peru
"Chocolate Tree, The",Madagascar,919,2012,72,Scotland,3.25,Criollo,Madagascar
Chocolats Privilege,Xoconusco,1219,2014,70,Canada,2.5,Criollo,Mexico
ChocoReko,Patanemo,1454,2015,77,Japan,3,Criollo,Venezuela
Chocosol,"Chiapas, Lacandon Jungle, Oaxacom Mtn",682,2011,65,Canada,3.25, ,Mexico
Chocovic,Xoconusco,478,2010,71,Spain,3.25,Criollo,Mexico
Chocovic,Sambirano,478,2010,71,Spain,3.5,Trinitario,Madagascar
Chocovic,Kendari,439,2009,60,Spain,3.25, , 
Chocovic,Tarakan,439,2009,75,Spain,3.25, , 
Chocovic,Ocumare,209,2008,71,Spain,3.5,Criollo,Venezuela
Chocovic,"Bolivar, Guaranda",117,2007,71,Spain,2.5,Forastero (Arriba),Ecuador
Chocovic,Guyave,117,2007,71,Spain,2.5,Trinitario,Grenada
Chocovic,Maragda,117,2007,70,Spain,3,Blend, 
Chocovivo,Tabasco,1522,2015,65,U.S.A.,2.5,Trinitario,Mexico
Chocovivo,Tabasco,1522,2015,75,U.S.A.,2.5,Trinitario,Mexico
Choklat,Ocumare,377,2009,80,Canada,2.5,Criollo,Venezuela
Choklat,"Porcelana, Tabasco",377,2009,70,Canada,2.75,Criollo,Mexico
Choklat,Brazilian,377,2009,70,Canada,3, ,Brazil
Choklat,Brazilian,377,2009,80,Canada,3, ,Brazil
Choklat,Ocumare,377,2009,70,Canada,3,Criollo,Venezuela
Chokolat Elot (Girard),Guadeloupe,1149,2013,42,Martinique,2.75, ,Martinique
Choocsol,"Chiapas, Lacandon Jungle, Oaxacom Mtn",1832,2016,75,Canada,3.25, ,Mexico
Christopher Morel (Felchlin),"Maranon Canyon, Fortunato No. 4",666,2011,68,Canada,3.75,Forastero (Nacional),Peru
Chuao Chocolatier,Choroni,445,2009,61,U.S.A.,3,Criollo,Venezuela
Chuao Chocolatier (Pralus),Chuao,486,2010,77,U.S.A.,2.75,Trinitario,Venezuela
Claudio Corallo,Terreiro Velho P.,470,2010,73.50,Sao Tome,3.75,Forastero,Sao Tome & Principe
Claudio Corallo,Terreiro Velho P. w/ sugar crystals,209,2008,80,Sao Tome,3,Forastero,Sao Tome & Principe
Claudio Corallo,Terreiro Velho P.,227,2008,75,Sao Tome,4,Forastero,Sao Tome & Principe
Claudio Corallo,Principe,252,2008,100,Sao Tome,1,Forastero,Sao Tome & Principe
Cloudforest,"Camino Verde P., Balao, Guayas, 2014",1486,2015,73,U.S.A.,3.5, ,Ecuador
Coleman & Davis,Sambirano,1646,2015,75,U.S.A.,3,Trinitario,Madagascar
Compania de Chocolate (Salgado),Sur del Lago,579,2010,70,Argentina,3.25, ,Venezuela
Compania de Chocolate (Salgado),Carenero Superior,292,2008,80,Argentina,2.75,Trinitario,Venezuela
Compania de Chocolate (Salgado),Moxos,292,2008,72,Argentina,3.25, ,Bolivia
Compania de Chocolate (Salgado),Ocumare,292,2008,70,Argentina,3.75,Criollo,Venezuela
Compania de Chocolate (Salgado),Esmeraldas,296,2008,88,Argentina,2.75,Forastero (Nacional),Ecuador
Condor,Camino Verde,1630,2015,76,U.S.A.,3.5, ,Ecuador
Confluence,"Tien Giang, 2015, batch 10-2-16",1916,2016,78,U.S.A.,2.75,Trinitario,Vietnam
Coppeneur,"Ecuador, Puristique",1169,2013,65,Germany,3.25,Forastero (Nacional),Ecuador
Coppeneur,Ghana Puristique,813,2012,85,Germany,3.5,Forastero,Ghana
Coppeneur,Ecuador Puristique,817,2012,100,Germany,1.5, ,Ecuador
Coppeneur,Uba Budo,821,2012,72,Germany,3.75,Forastero,Sao Tome & Principe
Coppeneur,Madagascar,959,2012,70,Germany,3.5,Trinitario,Madagascar
Coppeneur,Grenada,470,2010,72,Germany,3.25,Trinitario,Grenada
Coppeneur,Chuao,478,2010,70,Germany,3,Trinitario,Venezuela
Coppeneur,"Los Rios, H. Iara",558,2010,72,Germany,2.5,Nacional,Ecuador
Coppeneur,Trinidad,558,2010,72,Germany,3,Trinitario,Trinidad
Coppeneur,Jamaica,558,2010,72,Germany,3.25,Trinitario,Jamaica
Coppeneur,Ocumare 61,558,2010,72,Germany,3.25,Criollo (Ocumare 61),Venezuela
Coppeneur,"Porcelana, Apotequil",341,2009,72,Germany,3,Criollo,Peru
Coppeneur,"Porcelana, Apotequil",445,2009,62,Germany,3.25,Criollo,Peru
Coppeneur,Chuao 100hr,451,2009,70,Germany,3.5,"Criollo, Trinitario",Venezuela
Coppeneur,Chuao 70hr,451,2009,70,Germany,3.75,"Criollo, Trinitario",Venezuela
Coppeneur,"Porcelana, Tabasco, Mexico",220,2008,72,Germany,3,Criollo,Mexico
Coppeneur,"Porcelana, Venezuela",220,2008,72,Germany,3,Criollo (Porcelana),Venezuela
Coppeneur,"Sambirano, Menava P.",196,2007,72,Germany,3,Trinitario,Madagascar
Cote d' Or (Kraft),Sensations Intense,48,2006,70,Belgium,1, , 
Cravve,New Ireland,1283,2014,70,Australia,2.5,Forastero,Papua New Guinea
Cravve,"Vanuatu, batch 2410",1335,2014,83,Australia,2.75,Trinitario,Vanuatu
Cravve,"Tanzania, batch a1",971,2012,75,Australia,3.25,Forastero,Tanzania
Cravve,"Bahia, batch a1213",975,2012,65,Australia,3.25,Trinitario,Brazil
Cravve,"Namau Village, N. Taileva P., batch a2812",975,2012,67,Australia,3.25,Trinitario,Fiji
Cravve,Vanuatu,975,2012,64,Australia,3.25,Trinitario,Vanuatu
Cravve,Djual Island,975,2012,75,Australia,3.5,Forastero,Papua New Guinea
Creo,"""heirloom"", Arriba Nacional",1736,2016,85,U.S.A.,3.25,Forastero (Nacional),Ecuador
Creo,"""heirloom"", Arriba Nacional",1736,2016,73,U.S.A.,3.75,Forastero (Nacional),Ecuador
Daintree,Goodman Estate,1654,2015,70,Australia,2.75, ,Australia
Daintree,"Daintree Estates, N. Queensland",785,2011,70,Australia,3.25, ,Australia
Dalloway,"Dominican Republic, batch 7",1928,2017,72,U.S.A.,2.75, ,Dominican Republic
Damson,Robson Estate,1610,2015,70,U.K.,3,Trinitario,Trinidad
Damson,Los Rios,1610,2015,70,U.K.,3.5, ,Ecuador
Damson,Crayfish Bay aka Non Pariel Estate,1666,2015,70,U.K.,2.25, ,Grenada
Damson,O'Payo,1666,2015,70,U.K.,2.75, ,Nicaragua
Dandelion,"Zorzal Reserva, 2015 H., Kerchner",1816,2016,70,U.S.A.,3.75, , 
Dandelion,"Maya Mtn., Break Bar- Snark",1446,2015,70,U.S.A.,3,Trinitario,Belize
Dandelion,Maya Mountain,1219,2014,70,U.S.A.,3.5,Trinitario,Belize
Dandelion,"Camino Verde P., Balao, Guayas, 2013",1295,2014,70,U.S.A.,3.5, ,Ecuador
Dandelion,Buto,1303,2014,70,U.S.A.,2.75, ,Liberia
Dandelion,"San Francisco de Macoris, Cibao region",1387,2014,70,U.S.A.,3.75, ,Dominican Republic
Dandelion,"Cumboto, farmer Jose Lugo",1026,2013,70,U.S.A.,2.75, ,Venezuela
Dandelion,Patanemo,1026,2013,70,U.S.A.,3.25, ,Venezuela
Dandelion,"Mantuano, 2012",1085,2013,70,U.S.A.,3.5, ,Venezuela
Dandelion,Papua New Guinea,1153,2013,70,U.S.A.,3.5, ,Papua New Guinea
Dandelion,Upala,805,2012,70,U.S.A.,3, ,Costa Rica
Dandelion,Colombian,805,2012,70,U.S.A.,3.25, ,Colombia
Dandelion,"Elvesia, 2011",915,2012,70,U.S.A.,3.75, ,Dominican Republic
Dandelion,Dominican Republic,654,2011,70,U.S.A.,3.25, ,Dominican Republic
Dandelion,Madagascar,654,2011,70,U.S.A.,3.25,Trinitario,Madagascar
Dandelion,Tanzania,654,2011,70,U.S.A.,3.25, ,Tanzania
Danta,Los Ujuxtes,1223,2014,82,Guatemala,3.25, ,Guatemala
Danta,Chuao,987,2012,75,Guatemala,3,Trinitario,Venezuela
Danta,Los Ujuxtes,987,2012,70,Guatemala,3.75, ,Guatemala
Danta,Sambirano,987,2012,70,Guatemala,3.75,Trinitario,Madagascar
Danta,Las Acacias E.,987,2012,70,Guatemala,4,Criollo,Guatemala
Danta,"Oscuro, Finca Chimelb",991,2012,70,Guatemala,3.25, ,Guatemala
Danta,Los Ujuxtes,661,2011,60,Guatemala,3.5, ,Guatemala
Danta,Las Acacias E.,423,2009,75,Guatemala,3,Criollo,Guatemala
Danta,Las Acacias E.,423,2009,60,Guatemala,3.25,Criollo,Guatemala
DAR,"Venezuela, batch 122",1920,2016,72,U.S.A.,2.75, ,Venezuela
DAR,Vietnam,1920,2016,72,U.S.A.,3,Trinitario,Vietnam
DAR,"DUO, batch 002",1920,2016,70,U.S.A.,3.25, ,"Ecuador, Costa Rica"
Dark Forest,Bolivia,1708,2016,75,U.S.A.,3.25, ,Bolivia
Dark Forest,Madagascar,1550,2015,70,U.S.A.,3,Trinitario,Madagascar
Dark Forest,Ocumare,1550,2015,70,U.S.A.,3.25, ,Venezuela
Dark Forest,Tanzania,1554,2015,70,U.S.A.,3, ,Tanzania
Dark Forest,Ecuador,1554,2015,70,U.S.A.,3.25, ,Ecuador
Davis,Ghana,1093,2013,70,U.S.A.,2.5,Forastero,Ghana
Davis,Rainforest,1093,2013,70,U.S.A.,2.75, ,Dominican Republic
Davis,Venezuela,1093,2013,70,U.S.A.,2.75, ,Venezuela
Davis,West Africa,907,2012,58,U.S.A.,3.25,Forastero,West Africa
De Mendes,"Nativo, Varzea",1462,2015,72,Brazil,3.5, ,Brazil
De Mendes,"Selvagem, Jari",1462,2015,65,Brazil,3.5, ,Brazil
De Villiers,Bundibugyo District,1832,2016,70,South Africa,2.5,Forastero,Uganda
De Villiers,"Sambirano Valley, batch 2477",1832,2016,70,South Africa,3, ,Madagascar
Dean and Deluca (Belcolade),Madagascar,170,2007,66,U.S.A.,2.5,Trinitario,Madagascar
Dean and Deluca (Belcolade),Costa Rica,175,2007,64,U.S.A.,3, ,Costa Rica
Dean and Deluca (Belcolade),Ecuador,175,2007,71,U.S.A.,3, ,Ecuador
Dean and Deluca (Belcolade),Ghana,175,2007,60,U.S.A.,3,Forastero,Ghana
Dean and Deluca (Belcolade),Papua New Guinea,180,2007,64,U.S.A.,3, ,Papua New Guinea
Dean and Deluca (Belcolade),Peru,180,2007,64,U.S.A.,3, ,Peru
Debauve & Gallais (Michel Cluizel),Papua New Guinea,423,2009,64,France,3, ,Papua New Guinea
Debauve & Gallais (Michel Cluizel),Venezuela,263,2008,66,France,3.75, ,Venezuela
Desbarres,"Kilombero, batch 41",1916,2016,72,Canada,2.5, ,Tanzania
DeVries,Bolivian,241,2008,80,U.S.A.,2.75, ,Bolivia
DeVries,Costa Rica,166,2007,77,U.S.A.,3.5,Trinitario,Costa Rica
DeVries,Dominican Republic,166,2007,77,U.S.A.,3.5, ,Dominican Republic
Dick Taylor,Lanquin Estate,1952,2017,70,U.S.A.,3.75, ,Guatemala
Dick Taylor,Tien Giang,1864,2016,78,U.S.A.,3.5,Trinitario,Vietnam
Dick Taylor,"Alto Beni, Wild Harvest, Limited Ed.",1634,2015,70,U.S.A.,3.75, ,Bolivia
Dick Taylor,Elvesia,1235,2014,74,U.S.A.,3.5, ,Dominican Republic
Dick Taylor,"Ecuador, Choc. Garage Exclusive",1034,2013,70,U.S.A.,3.25, ,Ecuador
Dick Taylor,Camino Verde,1193,2013,76,U.S.A.,3.5, ,Ecuador
Dick Taylor,Bolivia,895,2012,75,U.S.A.,2.75, ,Bolivia
Dick Taylor,Belize,955,2012,72,U.S.A.,2.75,Trinitario,Belize
Dick Taylor,Sambirano,661,2011,80,U.S.A.,2.75,Trinitario,Madagascar
Dick Taylor,Sambirano,661,2011,72,U.S.A.,3,Trinitario,Madagascar
Dick Taylor,Mantuano,682,2011,75,U.S.A.,2.75,Criollo,Venezuela
Dick Taylor,La Red,769,2011,74,U.S.A.,3, ,Dominican Republic
Dick Taylor,Ecuador,769,2011,70,U.S.A.,3.25, ,Ecuador
Doble & Bignall,Puerto Cabello,1688,2015,85,U.K.,3, ,Venezuela
Doble & Bignall,"Panama, Raven",1371,2014,72,U.K.,3.25, ,Panama
Doble & Bignall,"Puerto Cabello, Mantuano",1371,2014,72,U.K.,3.25,Trinitario,Venezuela
Doble & Bignall,Johe,1407,2014,72,U.K.,3.5,"Criollo, Trinitario",Nicaragua
Dole (Guittard),"O'ahu, N. Shore, Waialua Estate",311,2009,70,U.S.A.,3.75, ,Hawaii
Dolfin (Belcolade),Africa,304,2008,88,Belgium,3,Forastero,West Africa
Dolfin (Belcolade),Noir,63,2006,70,Belgium,1.5, , 
Domori,Hacienda Victoria,1672,2015,70,Italy,3.75, ,Ecuador
Domori,Ocumare 77,1672,2015,70,Italy,3.75,Criollo (Ocumare 77),Venezuela
Domori,"IL100, H. San Jose",1109,2013,100,Italy,3,Criollo,Venezuela
Domori,Morogoro,863,2012,70,Italy,3.5, ,Tanzania
Domori,Guasare,863,2012,70,Italy,3.75,Criollo,Venezuela
Domori,"Canoabo, Hacienda San Jose",693,2011,70,Italy,3.5,Criollo,Venezuela
Domori,"Chuao, Hacienda San Jose",470,2010,70,Italy,3,Trinitario,Venezuela
Domori,"Carupano, H. San Jose",227,2008,70,Italy,3,Trinitario,Venezuela
Domori,Teyuna,272,2008,70,Italy,3, ,Colombia
Domori,Blend No. 1,272,2008,78,Italy,3.5,Blend, 
Domori,Ilblend,272,2008,70,Italy,3.75,Blend, 
Domori,Porcelana,111,2007,70,Italy,4,Criollo (Porcelana),Venezuela
Domori,"Ocumare 61, Puertomar",129,2007,75,Italy,3.25,Criollo (Ocumare 61),Venezuela
Domori,Granella,135,2007,60,Italy,3.25,Trinitario,Venezuela
Domori,Madagascar,135,2007,70,Italy,3.5,Trinitario,Madagascar
Domori,Madagared,192,2007,70,Italy,3.5,Criollo,Madagascar
Domori,"Java, Javablond",192,2007,70,Italy,3.75,Criollo,Indonesia
Domori,Ecuador,192,2007,70,Italy,4,Forastero (Arriba),Ecuador
Domori,"Ocumare 67, Puertofino",192,2007,70,Italy,4,Criollo (Ocumare 67),Venezuela
Domori,Sur del Lago Classificado,87,2006,70,Italy,3,Trinitario,Venezuela
Domori,Apurimac,87,2006,70,Italy,3.25,Trinitario,Peru
Domori,Carenero Superior,87,2006,70,Italy,3.5,Trinitario,Venezuela
Dormouse,Non Pariel Estate,1880,2016,75,U.K.,2.75,Trinitario,Grenada
Dormouse,"Rio Caribe, Batch 7",1672,2015,70,U.K.,2.5,Trinitario,Venezuela
Dormouse,"Colombia, Batch 9",1676,2015,80,U.K.,2.75,"Criollo, Trinitario",Colombia
Dormouse,"Madagascar, Batch 8",1676,2015,77,U.K.,2.75,"Criollo, Trinitario",Madagascar
Duffy's,"Rio Dulce, Xoco",1662,2015,70,U.K.,4,Criollo,Guatemala
Duffy's,"Chuno, Xoco",1331,2014,70,U.K.,3.5,Criollo,Nicaragua
Duffy's,"Rico Rugoso, Xoco",1331,2014,76,U.K.,3.75,Criollo,Nicaragua
Duffy's,Ocumare,923,2012,72,U.K.,3.75, ,Venezuela
Duffy's,"Indio Rojo, Xoco",623,2011,72,U.K.,3.75,Criollo,Honduras
Duffy's,Dominican Republic,661,2011,65,U.K.,3.5, ,Dominican Republic
Duffy's,"Bocas del Toro, Tierra Oscura",697,2011,72,U.K.,3, ,Panama
Duffy's,"Nicaliso, Xoco",697,2011,71,U.K.,3.25,Criollo,Nicaragua
Duffy's,Ocumare,765,2011,71,U.K.,3.5, ,Venezuela
Duffy's,Panama,516,2010,70,U.K.,3.5, ,Panama
Duffy's,"Corazon del Ecuador, Calceta beans",516,2010,72,U.K.,3.75, ,Ecuador
Duffy's,Star of Ecuador,523,2010,70,U.K.,2.5, ,Ecuador
Duffy's,Star of Peru,523,2010,70,U.K.,3.75, ,Peru
Dulcinea,Dominican Republic,1506,2015,70,U.S.A.,3.25, ,Dominican Republic
Durand,Madagascar,841,2012,82,France,2.75,Trinitario,Madagascar
Durci,"Maranon, Joya Rara",1626,2015,70,U.S.A.,3.5,Forastero (Nacional),Peru
Durci,"Rio Caribe, Tepui Treasure",1626,2015,70,U.S.A.,3.5,Trinitario,Venezuela
Durci,Taino Secret,1630,2015,70,U.S.A.,3.25, ,Domincan Republic
Durci,"Carenero, Empyrean Sabor",1630,2015,70,U.S.A.,3.25,Trinitario,Venezuela
Durci,Corona Arriba,1630,2015,70,U.S.A.,4, ,Ecuador
East Van Roasters,Peru,1343,2014,70,Canada,3.25, ,Peru
East Van Roasters,Madagascar,1343,2014,70,Canada,3.5,Trinitario,Madagascar
East Van Roasters,Dominican Republic,1343,2014,70,Canada,3.75, ,Dominican Republic
Eau de Rose,Tumaco,1812,2016,70,Canada,3.25, ,Colombia
Eau de Rose,Arauca,1812,2016,70,Canada,3.25, ,Colombia
Eclat (Felchlin),"Maranon, Good & Evil, w/ nibs",919,2012,72,U.S.A.,2.75,Forastero (Nacional),Peru
Edelmond,Porcelana,1876,2016,68,Germany,3,Criollo,Venezuela
El Ceibo,"Alto Beni, Covendo Region",709,2011,75,Bolivia,3.75, ,Bolivia
El Ceibo,Alto Beni,252,2008,71,Bolivia,2.75, ,Bolivia
El Rey,San Joaquin,1662,2015,70,Venezuela,3.75, ,Venezuela
El Rey,"Rio Caribe, Cariaco",439,2009,60.50,Venezuela,2.75,Trinitario,Venezuela
El Rey,"Rio Caribe, Macuro",439,2009,70,Venezuela,3,Trinitario,Venezuela
El Rey,"Carenero Superior, Apamate",206,2008,74,Venezuela,2.5,Criollo,Venezuela
El Rey,"Carenero Superior, Bucare",206,2008,58,Venezuela,2.5,Criollo,Venezuela
El Rey,"Carenero Superior, Mijao",206,2008,61,Venezuela,3,Criollo,Venezuela
El Rey,"Carenero Superior, Gran Saman",32,2006,70,Venezuela,2.75,Criollo,Venezuela
Emerald Estate,Emerald Estate,1137,2013,60,St. Lucia,2.75, ,St. Lucia
Emerald Estate,Emerald Estate,1137,2013,70,St. Lucia,3.25, ,St. Lucia
Emily's,Patanemo,1450,2015,79,Japan,3, ,Venezuela
Emily's,Peru,1454,2015,78,Japan,3.5,Criollo,Peru
ENNA,"Wampusirpi, batch 007",1916,2016,75,U.S.A.,3.25, ,Honduras
Enric Rovira (Claudio Corallo),Terreiro Velho P.,565,2010,80,Spain,3.25,Forastero,Sao Tome & Principe
Erithaj (A. Morin),Ben Tre,1205,2014,70,France,3.25,Trinitario,Vietnam
Erithaj (A. Morin),Ham Luong,1209,2014,80,France,3,Trinitario,Vietnam
Erithaj (A. Morin),Ba Lai,1209,2014,74,France,3.25,Trinitario,Vietnam
Escazu,Rio Caribe,903,2012,70,U.S.A.,2.75,Trinitario,Venezuela
Escazu,Guapiles,414,2009,65,U.S.A.,2, ,Costa Rica
Escazu,Carenero Superior,423,2009,81,U.S.A.,3.5,Criollo,Venezuela
Escazu,"Carenero, Guapiles, Ocumare blend",431,2009,74,U.S.A.,2.75, ,"Cost Rica, Ven"
Escazu,Ocumare,252,2008,72,U.S.A.,3,Criollo,Venezuela
Ethel's Artisan (Mars),"Peru, Madagascar",666,2011,55,U.S.A.,2.5, ,"Peru, Madagascar"
Ethel's Artisan (Mars),Trinidad,666,2011,55,U.S.A.,2.5,Trinitario,Trinidad
Ethel's Artisan (Mars),Porcelana,666,2011,70,U.S.A.,2.5,Criollo (Porcelana),Venezuela
Ethel's Artisan (Mars),Red Vanilla,666,2011,62,U.S.A.,2.75, , 
Ethel's Artisan (Mars),"Venezuela, Trinidad",672,2011,62,U.S.A.,2.5, ,"Venezuela, Trinidad"
Ethereal,Belize,1275,2014,80,U.S.A.,3,Trinitario,Belize
Ethereal,Ecuador,1275,2014,80,U.S.A.,3.5, ,Ecuador
Ethereal,Dominican Republic,1275,2014,80,U.S.A.,3.75, ,Dominican Republic
Fearless (AMMA),"Monte Alegre, D. Badaro, Raw, Organic",565,2010,75,U.S.A.,2.75, ,Brazil
Feitoria Cacao,Blue Mountain,1732,2016,76,Portugal,3, ,Jamaica
Feitoria Cacao,Cuyagua,1736,2016,76,Portugal,2.5, ,Venezuela
Feitoria Cacao,Maya Mountain,1736,2016,76,Portugal,2.75,Trinitario,Belize
Felchlin,Grenada,494,2010,58,Switzerland,3.5,Trinitario,Grenada
Felchlin,Supremo- SF,105,2006,62,Switzerland,2, , 
Felchlin,Elvesia P.,105,2006,74,Switzerland,3,"Trinitario, Criollo",Dominican Republic
Felchlin,"Madagascar, Grand Cru",48,2006,64,Switzerland,3,Criollo,Madagascar
Felchlin,Maracaibo Clasificado,48,2006,65,Switzerland,3,Criollo,Venezuela
Felchlin,Arriba,48,2006,72,Switzerland,3.5,Forastero (Arriba),Ecuador
Felchlin,"Alto Beni, Cru Savage",56,2006,68,Switzerland,4,Criollo (Wild),Bolivia
Finca,Puerto Rico,1283,2014,65,U.S.A.,2.25, ,Puerto Rico
Finca,Dominican Republic,1283,2014,80,U.S.A.,3, ,Dominican Republic
Finca,Dominican Republic,1283,2014,70,U.S.A.,3.25, ,Dominican Republic
Finca,Dominican Republic,1287,2014,85,U.S.A.,2.5, ,Dominican Republic
Forever Cacao,Rio Eni,1267,2014,72,U.K.,2.75,Criollo,Peru
Forteza (Cortes),Dominican Republic,1776,2016,70,Puerto Rico,2.75, ,Domincan Republic
Forteza (Cortes),Puerto Rico,1776,2016,80,Puerto Rico,2.75, ,Domincan Republic
Fossa,"Akesson's E., Sambirano V.",1772,2016,70,Singapore,2.75, ,Madagascar
Fossa,"Camino Verde P., Balao, Guayas",1776,2016,75,Singapore,3.5, ,Ecuador
Fossa,"Kokoa Kamili Coop, Kilombero",1776,2016,67,Singapore,3.75,Trinitario,Tanzania
Franceschi,Choroni,1355,2014,70,Venezuela,3.5, ,Venezuela
Franceschi,Ocumare,1355,2014,70,Venezuela,3.75, ,Venezuela
Franceschi,Canoabo,911,2012,70,Venezuela,3.75, ,Venezuela
Franceschi,Sur del Lago,915,2012,60,Venezuela,3.5, ,Venezuela
Frederic Blondeel,Costa Rica,1538,2015,70,Belgium,3.5, ,Costa Rica
Frederic Blondeel,Peru Brutus,1538,2015,75,Belgium,3.5, ,Peru
Frederic Blondeel,Vietnam,1542,2015,80,Belgium,3,Trinitario,Vietnam
Frederic Blondeel,Ghana,1351,2014,60,Belgium,3.5,Forastero,Ghana
Frederic Blondeel,Madagascar,1351,2014,65,Belgium,3.5,Trinitario,Madagascar
French Broad,"Norandino, batch 161208",1940,2017,70,U.S.A.,3.5, ,Peru
French Broad,Guatemala,1634,2015,73,U.S.A.,3.5, ,Guatemala
French Broad,San Andres,1209,2014,80,U.S.A.,3, ,Costa Rica
French Broad,Matagalpa,1295,2014,68,U.S.A.,3.25, ,Nicaragua
French Broad,"Palo Blanco, Chulucanas",1042,2013,66,U.S.A.,3.5, ,Peru
French Broad,Tumbes Coop,883,2012,70,U.S.A.,2.5,Criollo,Peru
French Broad,"Palo Blanco, Chulucanas",883,2012,61,U.S.A.,3.5, ,Peru
French Broad,"Palo Blanco w/ panela, Chulucanas",887,2012,81,U.S.A.,2, ,Peru
French Broad,"Maranon Canyon, Fortunato No. 4",781,2011,70,U.S.A.,3.5,Forastero (Nacional),Peru
French Broad,La Red,785,2011,65,U.S.A.,3.5, ,Dominican Republic
Fresco,"Maranon, #228, MR, SC",1383,2014,70,U.S.A.,3,Forastero (Nacional),Peru
Fresco,"Maranon, #227, LR, MC",1383,2014,70,U.S.A.,3.5,Forastero (Nacional),Peru
Fresco,"Maranon, #229, MR, LC",1383,2014,70,U.S.A.,3.5,Forastero (Nacional),Peru
Fresco,"Maranon, #230, DR, LC",1387,2014,70,U.S.A.,3.5,Forastero (Nacional),Peru
Fresco,"Conacado, #223, MR, SC",1030,2013,72,U.S.A.,3.25, ,Dominican Republic
Fresco,"Conacado, #224, MR, MC",1081,2013,72,U.S.A.,3.75, ,Dominican Republic
Fresco,"San Martin, Bellavista Coop, #226, DR, MC",1117,2013,70,U.S.A.,3.75, ,Peru
Fresco,"Bellavista Coop, #225, LR, MC, CG Exclusive",1149,2013,70,U.S.A.,4,Trinitario,Peru
Fresco,"Markham Valley, #219, LR, MC",899,2012,69,U.S.A.,3.5, ,Papua New Guinea
Fresco,"Markham Valley, #221, DR, MC",899,2012,69,U.S.A.,3.5, ,Papua New Guinea
Fresco,"Sambirano Valley, #216, MR, LC",915,2012,74,U.S.A.,4,Trinitario,Madagascar
Fresco,"Markham Valley, #220, MR, MC",927,2012,69,U.S.A.,4,Trinitario,Papua New Guinea
Fresco,"Markham Valley, #222, LR, 0C",931,2012,69,U.S.A.,3,Trinitario,Papua New Guinea
Fresco,"Ghana, #211, MR, MC",636,2011,74,U.S.A.,2.75,Forastero,Ghana
Fresco,"Jamaica, #209, DR, SC",642,2011,70,U.S.A.,3.25,Trinitario,Jamaica
Fresco,"Conacado, #212, LR, SC",642,2011,72,U.S.A.,3.5, ,Dominican Republic
Fresco,"Jamaica, #210, DR, MC",642,2011,70,U.S.A.,3.5,Trinitario,Jamaica
Fresco,"Sambirano Valley, #214, LR, MC",682,2011,74,U.S.A.,2.75,Trinitario,Madagascar
Fresco,"Conacado, #213, DR, -C",682,2011,72,U.S.A.,3.25, ,Dominican Republic
Fresco,"Sambirano Valley, #215, MR, MC",688,2011,74,U.S.A.,3,Trinitario,Madagascar
Fresco,"Chuao, #218, MR, MC",745,2011,76,U.S.A.,3.25,Trinitario,Venezuela
Fresco,"Chuao, #217, DR, MC",745,2011,70,U.S.A.,4,Trinitario,Venezuela
Fresco,"Jamaica, #204, DR, SC",370,2009,80,U.S.A.,2.75,Trinitario,Jamaica
Fresco,"Jamaica, #206, DR, LC",370,2009,70,U.S.A.,3,Trinitario,Jamaica
Fresco,"Jamaica, #205, DR, MC",370,2009,70,U.S.A.,3.25,Trinitario,Jamaica
Fresco,"Carenero Superior, #203, MR, SC",370,2009,65,U.S.A.,3.5,Criollo,Venezuela
Friis Holm,"Rugoso, Bad Fermentation",1912,2016,70,Denmark,3.5, ,Nicaragua
Friis Holm (Bonnat),La Dalia,1680,2015,60,Denmark,3, ,Nicaragua
Friis Holm (Bonnat),La Dalia,1680,2015,85,Denmark,3.25, ,Nicaragua
Friis Holm (Bonnat),La Dalia,1259,2014,70,Denmark,3.5, ,Nicaragua
Friis Holm (Bonnat),"Barba, Xoco",1034,2013,70,Denmark,3.25, ,Nicaragua
Friis Holm (Bonnat),"Medagla, Xoco",1034,2013,70,Denmark,3.5, ,Nicaragua
Friis Holm (Bonnat),"Chuno, triple turned, Xoco",895,2012,70,Denmark,3.25,"Criollo, Trinitario",Nicaragua
Friis Holm (Bonnat),"Red Mayan, Xoco",899,2012,70,Denmark,3.25,"Criollo, Trinitario",Honduras
Friis Holm (Bonnat),"Chuno, double turned, Xoco",899,2012,70,Denmark,3.25,"Criollo, Trinitario",Nicaragua
Friis Holm (Bonnat),"Rugoso, Xoco",923,2012,70,Denmark,3.75, ,Nicaragua
Friis Holm (Bonnat),"Johe, Xoco",623,2011,70,Denmark,3.25,"Criollo, Trinitario",Nicaragua
Friis Holm (Bonnat),"Chuno, Xoco",623,2011,70,Denmark,3.5,"Criollo, Trinitario",Nicaragua
Friis Holm (Bonnat),"Nicaliso, Xoco",623,2011,70,Denmark,3.5,"Criollo, Trinitario",Nicaragua
Fruition,"Wild Bolivian, Batch 2",1780,2016,74,U.S.A.,3.75,Beniano,Bolivia
Fruition,"Coto Brus, Heirloom, Batch 1",1780,2016,74,U.S.A.,4,Amazon mix,Costa Rica
Fruition,Gran Couva,1347,2014,70,U.S.A.,3.75,Trinitario,Trinidad
Fruition,Maranon,1359,2014,76,U.S.A.,3,Forastero (Nacional),Peru
Fruition,La Red,1046,2013,70,U.S.A.,3.75, ,Dominican Republic
Fruition,Camino Verde,1185,2013,75,U.S.A.,3, ,Ecuador
Fruition,Peru,863,2012,70,U.S.A.,2.5, ,Peru
Fruition,Signature Blend,753,2011,66,U.S.A.,3.25,Trinitario,Costa Rica
Fruition,Costa Rica,781,2011,70,U.S.A.,3, ,Costa Rica
Garden Island,"Kaua'I, Alea Estate +world",1367,2014,85,U.S.A.,2.5,Blend,Hawaii
Georgia Ramon,Akesson P.,1642,2015,65,Germany,3.25,Trinitario,Madagascar
Georgia Ramon,ABOCFA Coop,1642,2015,70,Germany,4,Forastero,Ghana
Georgia Ramon,Conacado Coop,1646,2015,70,Germany,3.5,Trinitario,Domincan Republic
Georgia Ramon,Conacado Coop,1646,2015,80,Germany,3.5,Trinitario,Domincan Republic
Georgia Ramon,Akesson P.,1646,2015,75,Germany,3.5,Trinitario,Madagascar
Glennmade,"Toledo District, 2015 Harvest",1848,2016,70,U.S.A.,3.5, ,Belize
Glennmade,Bahia,1672,2015,66,U.S.A.,3,"Trinitario, Forastero",Brazil
Goodnow Farms,"Almendra Blanca, batch 1004",1924,2016,77,U.S.A.,2.75, ,Mexico
Goodnow Farms,"El Carmen, batch 1003",1924,2016,77,U.S.A.,3.25, ,Nicaragua
Goodnow Farms,"Asochivite, batch 1005",1924,2016,77,U.S.A.,3.25, ,Guatemala
Grand Place,"Ben Tre, Dong Nai",741,2011,72,Vietnam,3,Trinitario,Vietnam
Green & Black's (ICAM),Dark,15,2006,70,U.K.,2.5, , 
Green Bean to Bar,Madagascar,1896,2016,70,Japan,3.5, ,Madagascar
Grenada Chocolate Co.,Grenada,494,2010,82,Grenada,3.25,Trinitario,Grenada
Grenada Chocolate Co.,Grenada,363,2009,60,Grenada,2.75,Trinitario,Grenada
Grenada Chocolate Co.,Grenada,241,2008,71,Grenada,2.5,Trinitario,Grenada
Guido Castagna,Arriba,355,2009,64,Italy,3,Forastero (Arriba) ASS,Ecuador
Guido Castagna,Ghana,355,2009,64,Italy,3,Forastero,Ghana
Guido Castagna,Trinidad & Tobago,355,2009,64,Italy,3, ,"Trinidad, Tobago"
Guido Castagna,Lacri Blend,355,2009,76,Italy,3, ,Venezuela
Guido Castagna,Blend,355,2009,64,Italy,3.25, ,"Ven, Trinidad, Ecuador"
Guittard,"Epique, Blend No. 49",1602,2015,70,U.S.A.,3.75, , 
Guittard,Haiti,1053,2013,65,U.S.A.,2.75, ,Haiti
Guittard,Nicaragua,1053,2013,65,U.S.A.,2.75, ,Nicaragua
Guittard,Jamaica,1053,2013,65,U.S.A.,3.25,Trinitario,Jamaica
Guittard,Ecuador,1053,2013,65,U.S.A.,3.5, ,Ecuador
Guittard,Coucher du Soleil,654,2011,72,U.S.A.,2.75, , 
Guittard,Lever du Soleil,654,2011,61,U.S.A.,3.25, , 
Guittard,Onyx,654,2011,72,U.S.A.,3.25, , 
Guittard,Trinidad,552,2010,65,U.S.A.,3,Trinitario,Trinidad
Guittard,"O'ahu, N. Shore, Waialua E., Kakoleka",316,2009,55,U.S.A.,3, ,Hawaii
Guittard,Nocturne,387,2009,91,U.S.A.,3, , 
Guittard,Complexite,387,2009,70,U.S.A.,3.5,Blend, 
Guittard,Machu Pichu,259,2008,65,U.S.A.,3, ,Peru
Guittard,Special Maker Reserve,276,2008,64,U.S.A.,3, , 
Guittard,Ocumare,276,2008,65,U.S.A.,3.5, ,Venezuela
Guittard,Quetzalcoatl,147,2007,72,U.S.A.,3.5,Blend, 
Guittard,Chucuri,15,2006,65,U.S.A.,3,Trinitario,Colombia
Guittard,Sur del Lago,87,2006,65,U.S.A.,2.5,"Trinitario, Criollo",Venezuela
Guittard,"Sambirano, Ambanja",87,2006,65,U.S.A.,3.5,"Criollo, +",Madagascar
Guittard,"Los Rios, Quevedo",93,2006,65,U.S.A.,3.5,Forastero (Arriba),Ecuador
Guittard,Tsaranta,93,2006,61,U.S.A.,3.5,Blend, 
Guittard,Semisweet,99,2006,61,U.S.A.,3,Blend, 
Habitual,Papua New Guinea,1197,2014,80,Canada,2.75, ,Papua New Guinea
Habitual,Campesino w/ nibs,1197,2014,74,Canada,2.75, , 
Habitual,Dominican Republic,1197,2014,75,Canada,3.25, ,Dominican Republic
Habitual,Trinitario,1197,2014,70,Canada,3.5,Trinitario, 
Habitual,Downtown London,1201,2014,65,Canada,2.75, , 
Habitual,Africa meets Latina,1201,2014,70,Canada,3, , 
Habitual,Amazonas,1201,2014,80,Canada,3, , 
Habitual,Sharkey,1201,2014,66,Canada,3.25, ,Hawaii
Habitual,one hundred,1205,2014,100,Canada,2, , 
Hachez,Arriba,166,2007,77,Germany,2.5,Forastero (Arriba),Ecuador
Hacienda El Castillo,Don Homero- Cerecita Valley,1327,2014,55,Ecuador,2.75,Trinitario,Ecuador
Hacienda El Castillo,Don Homero- Cerecita Valley,1327,2014,70,Ecuador,3,Trinitario,Ecuador
Haigh,South America and Africa,701,2011,70,Australia,3, ,"South America, Africa"
Harper Macaw,"Vale do Juliana, w/ nibs",1808,2016,85,U.S.A.,3.25, ,Brazil
Harper Macaw,Brazil Blend,1696,2015,67,U.S.A.,3, ,Brazil
Harper Macaw,"Tome Acu E., Amazon Rainforest",1700,2015,77,U.S.A.,3.5, ,Brazil
Harper Macaw,"Vale do Juliana E., Atlantic Forest",1700,2015,74,U.S.A.,3.5, ,Brazil
Heilemann,Peru,1876,2016,64,Germany,2.75, ,Peru
Heirloom Cacao Preservation (Brasstown),"Maya Mtn, Moho R., Toledo D., 2015",1748,2016,70,U.S.A.,3.25,Amazon,Belize
Heirloom Cacao Preservation (Fruition),"Cota Brus, Terciopelo, 2015",1748,2016,74,U.S.A.,3.5,Amazon mix,Costa Rica
Heirloom Cacao Preservation (Guittard),"Alto Beni, Upper Rio Beni, 2014",1239,2014,67,U.S.A.,3.5,"Amazon, ICS",Bolivia
Heirloom Cacao Preservation (Guittard),"Wild Beni, Lower Rio Beni, Tranquilidad, 2014",1243,2014,67,U.S.A.,3,Beniano,Bolivia
Heirloom Cacao Preservation (Guittard),"Los Rios, Hacienda Limon, Orecao, 2014",1243,2014,67,U.S.A.,3.75,EET,Ecuador
Heirloom Cacao Preservation (Guittard),"Maunawili, O'ahu, Agri Research C., 2014",1243,2014,67,U.S.A.,3.75, ,Hawaii
Heirloom Cacao Preservation (Manoa),"Maunawili, O'ahu, Agri Research C., 2015",1744,2016,72,U.S.A.,3.5, ,Hawaii
Heirloom Cacao Preservation (Millcreek),"Los Rios, Hacienda Limon, Orecao, 2015",1744,2016,70,U.S.A.,3.5,EET,Ecuador
Heirloom Cacao Preservation (Mindo),"Pinchincha, Mindo, Coop Nueva Esper., 2015",1748,2016,77,U.S.A.,3.5,EET,Ecuador
Heirloom Cacao Preservation (Zokoko),"Alto Beni, Upper Rio Beni, 2015",1744,2016,68,U.S.A.,3.75,"Amazon, ICS",Bolivia
Heirloom Cacao Preservation (Zokoko),"Wild Beni, Lower Rio Beni, Tranquilidad, 2015",1744,2016,72,U.S.A.,4,Beniano,Bolivia
hello cocoa,Uganda,1458,2015,57,U.S.A.,2.75,Forastero,Uganda
hello cocoa,Venezuela,1462,2015,74,U.S.A.,3.5,Criollo,Venezuela
hexx,Tanzania,1546,2015,70,U.S.A.,2.75, ,Tanzania
hexx,Madagascar,1546,2015,74,U.S.A.,3,Trinitario,Madagascar
hexx,Venezuela,1546,2015,70,U.S.A.,3, ,Venezuela
hexx,Ecuador,1550,2015,73,U.S.A.,3.25, ,Ecuador
hexx,Peru,1550,2015,70,U.S.A.,3.25, ,Peru
Hogarth,Akesson's Estate,1712,2016,70,New Zealand,2.75,Trinitario,Madagascar
Hogarth,Carenero Superior,1712,2016,72,New Zealand,2.75,Trinitario,Venezuela
Hogarth,Conacado,1712,2016,75,New Zealand,3.25,Trinitario,Domincan Republic
Hogarth,Gran Blanco,1712,2016,66,New Zealand,3.5,Criollo,Peru
Hoja Verde (Tulicorp),Arriba,414,2009,80,Ecuador,2,Forastero (Arriba) ASS,Ecuador
Hoja Verde (Tulicorp),Manabi,414,2009,80,Ecuador,2.5,Forastero (Arriba) ASS,Ecuador
Hoja Verde (Tulicorp),Arriba,414,2009,72,Ecuador,3,Forastero (Arriba) ASS,Ecuador
Hoja Verde (Tulicorp),Arriba,414,2009,58,Ecuador,3.25,Forastero (Arriba) ASS,Ecuador
Hoja Verde (Tulicorp),Manabi,414,2009,58,Ecuador,3.5,Forastero (Arriba) ASS,Ecuador
Holy Cacao,Maranon,1872,2016,70,Israel,2.75, ,Peru
Holy Cacao,"Camino Verde P., Balao, Guayas",1466,2015,70,Israel,3.5, ,Ecuador
Holy Cacao,Sambirano,1466,2015,70,Israel,3.5,Trinitario,Madagascar
Holy Cacao,Gran Couva,1466,2015,70,Israel,3.5,Trinitario,Trinidad
Holy Cacao,Mara,1466,2015,70,Israel,3.5, ,Venezuela
Holy Cacao,Ivory Coast,431,2009,70,Israel,2.5, ,Ivory Coast
Holy Cacao,Hispaniola,431,2009,70,Israel,2.75, ,Dominican Republic
Holy Cacao,San Martin,431,2009,70,Israel,3.5, ,Peru
Holy Cacao,Hispaniola w/ nibs,431,2009,75,Israel,3.75, ,Dominican Republic
Honest,"Ecuador, w/ nibs",1327,2014,72,South Africa,2.5, ,Ecuador
Hotel Chocolat,"Pepiniere, single Cote",1654,2015,70,U.K.,2.75, ,St. Lucia
Hotel Chocolat,"Marcial, single Cote, 2012",1030,2013,70,U.K.,4,Trinitario,St. Lucia
Hotel Chocolat,"Island Growers, 2012, 120hr c.",1113,2013,100,U.K.,1.75,Trinitario,St. Lucia
Hotel Chocolat (Coppeneur),Trinidad,1038,2013,75,U.K.,3,Trinitario,Trinidad
Hotel Chocolat (Coppeneur),Mekong Delta & Dong Nai,1038,2013,80,U.K.,3.5,Trinitario,Vietnam
Hotel Chocolat (Coppeneur),"Los Rios, H. Iara",1065,2013,90,U.K.,3,Forastero (Nacional),Ecuador
Hotel Chocolat (Coppeneur),"Somia Plantation, Akesson, 2012",1065,2013,72,U.K.,3,Trinitario,Madagascar
Hotel Chocolat (Coppeneur),"Los Rios, H. Iara, 2012",1065,2013,82,U.K.,3.5,Forastero (Nacional),Ecuador
Hotel Chocolat (Coppeneur),"Chanchamayo, Pichanadi, 2012, 60hr c.",1109,2013,100,U.K.,2.75, ,Peru
Hotel Chocolat (Coppeneur),"Los Rios, H. Iara, 2012, 120hr c.",1113,2013,100,U.K.,2.5,Forastero (Nacional),Ecuador
Hotel Chocolat (Coppeneur),"Conacado, 2012, 120hr c.",1113,2013,100,U.K.,2.75, ,Dominican Republic
Hotel Chocolat (Coppeneur),Sambirano,809,2012,66,U.K.,3.5,"Trinitario, Criollo",Madagascar
Hotel Chocolat (Coppeneur),"Los Rios, H. Iara, 96hr c.",623,2011,80,U.K.,3,Forastero (Nacional),Ecuador
Hotel Chocolat (Coppeneur),"Island Growers, 120hr c.",623,2011,65,U.K.,3,Trinitario,St. Lucia
Hotel Chocolat (Coppeneur),"Island Growers, 96hr c.",623,2011,65,U.K.,3.25,Trinitario,St. Lucia
Hotel Chocolat (Coppeneur),Ecuador,552,2010,70,U.K.,2.75, ,Ecuador
Hotel Chocolat (Coppeneur),Santo Domingo,552,2010,70,U.K.,3, ,Dominican Republic
Hotel Chocolat (Coppeneur),Chuao,600,2010,70,U.K.,2.75,Trinitario,Venezuela
Hotel Chocolat (Coppeneur),St. Lucia,245,2008,72,U.K.,3, ,St. Lucia
Hotel Chocolat (Coppeneur),Uganda,296,2008,80,U.K.,2.5,Forastero,Uganda
Hotel Chocolat (Coppeneur),Tanzania,296,2008,75,U.K.,2.75, ,Tanzania
Hotel Chocolat (Coppeneur),Uba Budo,300,2008,72,U.K.,3,Forastero,Sao Tome
Hummingbird,Lam Dong,1542,2015,70,Canada,3.5,Trinitario,Vietnam
Hummingbird,Bolivia,1307,2014,70,Canada,3,"Criollo, Trinitario",Bolivia
Hummingbird,"Bolivia, Bo-nib-ia, w/ nibs",1311,2014,70,Canada,3,"Criollo, Trinitario",Bolivia
Hummingbird,Momotombo,1311,2014,70,Canada,3,Trinitario,Nicaragua
Hummingbird,Hispaniola,1311,2014,70,Canada,3.75,Trinitario,Dominican Republic
Hummingbird,Zorzal Reserva w/ Charles Kerchner,1387,2014,70,Canada,3.5, ,Dominican Republic
Hummingbird,"Ocumare, Cumboto",1097,2013,70,Canada,3.25,"Trinitario, Criollo",Venezuela
Hummingbird,Amazonas,1097,2013,70,Canada,3.75,Forastero,Venezuela
Idilio (Felchlin),"Chuao, Venezuela",1085,2013,72,Switzerland,3.75,Trinitario,Venezuela
Idilio (Felchlin),Coopertiva Amazona,725,2011,72,Switzerland,3.75,Criollo,Venezuela
Idilio (Felchlin),"Sur del Lago, Amiari Meridena, Zulia, 48hr c.",725,2011,72,Switzerland,3.75, ,Venezuela
Idilio (Felchlin),"Choroni, Finca Torres, 48hr c.",729,2011,72,Switzerland,3.25,Criollo,Venezuela
Idilio (Felchlin),"Ocumare, H. Cata, 48hr c.",733,2011,72,Switzerland,3.75,Criollo,Venezuela
Idilio (Felchlin),"Porcelana, Zulia",733,2011,74,Switzerland,4,Criollo,Venezuela
Idilio (Felchlin),"Ocumare, H. Cata, w/ nibs",737,2011,72,Switzerland,3.5,Criollo,Venezuela
Idilio (Felchlin),"Carenero Superior, Urrutia, Barlovento",737,2011,70,Switzerland,4,Trinitario,Venezuela
Idilio (Felchlin),Coopertiva Amazona w/ nibs,737,2011,72,Switzerland,4,Criollo,Venezuela
Idilio (Felchlin),"Sur del Lago, Amiari Meridena, Zulia, w/ nibs",737,2011,72,Switzerland,4, ,Venezuela
Indah,India (south),1788,2016,61,India,2.5, ,India
Indaphoria,La Red,821,2012,70,U.S.A.,3.25, ,Dominican Republic
Indaphoria,"Conacado, Manifesto",907,2012,70,U.S.A.,2.75, ,Dominican Republic
Indi,Honduras,1255,2014,77,U.S.A.,3, ,Honduras
iQ Chocolate,"Satipo region, white label",943,2012,72,Scotland,2.75,Criollo,Peru
iQ Chocolate,black label,943,2012,72,Scotland,3, ,Peru
Isidro,Madagascar,1275,2014,72,U.S.A.,3.5,Trinitario,Madagascar
Isidro,Peru,1279,2014,72,U.S.A.,2.25, ,Peru
Isidro,Belize,1279,2014,72,U.S.A.,3.25,Trinitario,Belize
Isidro,Dominican Republic,1279,2014,72,U.S.A.,3.25, ,Dominican Republic
Izard,"Maya Mountain, Toledo, Batch 29",1542,2015,70,U.S.A.,3.5,Trinitario,Belize
Izard,"Elvesia P., Batch 32",1546,2015,70,U.S.A.,2.75, ,Dominican Republic
Jacque Torres,Trinatario Treasure,5,2006,71,U.S.A.,2,Trinitario,Ghana
Jordis,Madagascar,1534,2015,63,Czech Republic,2.75,Trinitario,Madagascar
Just Good Chocolate,Belize,1375,2014,70,U.S.A.,3.5,Trinitario,Belize
Just Good Chocolate,Madagascar,1375,2014,70,U.S.A.,3.5,Trinitario,Madagascar
Just Good Chocolate,Peru,1375,2014,70,U.S.A.,4, ,Peru
Kah Kow,"Rizek Cacao, Cibao Valley, Domin. Rep.",1061,2013,70,Domincan Republic,3.5, ,Dominican Republic
Kah Kow,"Rizek Cacao, Domin. Rep.",1069,2013,82,Domincan Republic,3, ,Dominican Republic
Kah Kow,"Rizek Cacao, Domin. Rep.",1069,2013,55,Domincan Republic,3.25, ,Dominican Republic
Kah Kow,"Rizek Cacao, Domin. Rep.",1073,2013,62,Domincan Republic,3.25, ,Dominican Republic
Kakao,Peru,837,2012,64,Germany,2.5, ,Peru
Kakao,Vanuatu,387,2009,65,Germany,3.75,Trinitario,Vanuatu
Kallari (Ecuatoriana),Sisa 36hr/ W. F. blend prototype,241,2008,70,Ecuador,3, ,Ecuador
Kallari (Ecuatoriana),Sisa's Secret/ original micro,241,2008,70,Ecuador,3.5, ,Ecuador
Kallari (Ecuatoriana),Roberto,245,2008,75,Ecuador,2.75, ,Ecuador
Kallari (Ecuatoriana),Diego/ original micro,248,2008,85,Ecuador,2.5, ,Ecuador
Kallari (Ecuatoriana),Diego 48hr/ W.F. blend prototype,248,2008,85,Ecuador,2.75, ,Ecuador
Kallari (Ecuatoriana),Diego 60hr/ W.F. blend prototype,248,2008,85,Ecuador,3, ,Ecuador
Kallari (Ecuatoriana),Cacao Nacional W.F.,263,2008,75,Ecuador,2.5, ,Ecuador
Kallari (Ecuatoriana),Cacao Nacional W.F.,269,2008,85,Ecuador,3, ,Ecuador
Kaoka (Cemoi),Noir,404,2009,70,France,2.75, , 
Kaoka (Cemoi),Ecuador,423,2009,80,France,2.75, ,Ecuador
Kerchner,"La Red, Project Reserva, Guaconejo",1133,2013,70,U.S.A.,3.75, ,Dominican Republic
Ki' Xocolatl,Dark,431,2009,72,Mexico,2, ,Mexico
Kiskadee,"La Red, Guanconjeco",1251,2014,60,U.S.A.,3,Trinitario,Dominican Republic
Kto,San Martin,1422,2014,72,U.S.A.,2.5, ,Peru
Kto,Ocumare,1422,2014,72,U.S.A.,2.75, ,Venezuela
Kto,Belize,1422,2014,72,U.S.A.,3,Trinitario,Belize
Kto,Sambirano Valley,1422,2014,72,U.S.A.,3.25,Trinitario,Madagascar
Kto,Belize,1426,2014,90,U.S.A.,3.25,Trinitario,Belize
Kto,Elvesia,1426,2014,72,U.S.A.,3.25, ,Dominican Republic
Kto,ROIG,1426,2014,72,U.S.A.,3.25, ,Dominican Republic
K'ul,"Kafupbo, Petit Bourg, De Borgnes",1840,2016,70,U.S.A.,3.25, ,Haiti
K'ul,"Maranon, Fortunato No. 4",1852,2016,70,U.S.A.,2.75,Forastero (Nacional),Peru
K'ul,"Los Rios, Hacienda Limon, Heirloom",1852,2016,70,U.S.A.,3.75, ,Ecuador
K'ul,"Bahia, Fazenda Camboa",1852,2016,70,U.S.A.,3.75,Forastero,Brazil
Kyya,Uganda,1359,2014,72.50,U.S.A.,2.5,Forastero,Uganda
Kyya,Hispaniola,1359,2014,72.50,U.S.A.,3, ,Dominican Republic
Kyya,Ecuador,1363,2014,72.50,U.S.A.,2.5, ,Ecuador
Kyya,Madagascar,1363,2014,72.50,U.S.A.,3,Trinitario,Madagascar
L.A. Burdick (Felchlin),Peru,891,2012,74,U.S.A.,3.25, ,Peru
L.A. Burdick (Felchlin),Brazil,891,2012,70,U.S.A.,4, ,Brazil
L.A. Burdick (Felchlin),Chuao,927,2012,68,U.S.A.,3.75,Trinitario,Venezuela
L.A. Burdick (Felchlin),Quito,682,2011,74,U.S.A.,3.75, ,Ecuador
L.A. Burdick (Felchlin),Grenada,576,2010,75,U.S.A.,3.25,Trinitario,Grenada
L.A. Burdick (Felchlin),Dominican Republic,576,2010,74,U.S.A.,3.75, ,Dominican Republic
L.A. Burdick (Felchlin),Venzuela,597,2010,71,U.S.A.,3, ,Venezuela
L.A. Burdick (Felchlin),Madagascar,431,2009,64,U.S.A.,3.5,Trinitario,Madagascar
L.A. Burdick (Felchlin),Bolivian,451,2009,68,U.S.A.,3, ,Bolivia
La Chocolaterie Nanairo,"Lumas, 2015 Harvest, Batch 6, brown sugar",1892,2016,70,Japan,2.25,"Trinitario, Criollo",Peru
La Chocolaterie Nanairo,"Lumas, 2015 Harvest, Batch 7",1892,2016,70,Japan,2.5,"Trinitario, Criollo",Peru
La Chocolaterie Nanairo,"Tumbes, 2013 Harvest, Batch 8",1892,2016,70,Japan,3,Criollo,Peru
La Chocolaterie Nanairo,"Belize, 2014 Harvest, Batch 9",1892,2016,70,Japan,3,"Trinitario, Criollo",Belize
La Maison du Chocolat (Valrhona),"Cuana, 2013",1121,2013,74,France,2.75, ,"Africa, Carribean, C. Am."
La Maison du Chocolat (Valrhona),Tobago,1145,2013,60,France,3.25, ,Tobago
La Maison du Chocolat (Valrhona),"Acarigua, w/ nibs",1189,2013,56,France,3.25, ,Ecuador
La Maison du Chocolat (Valrhona),Loma Sotavento,891,2012,66,France,3.5, ,Dominican Republic
La Maison du Chocolat (Valrhona),Grenada,741,2011,68,France,3.5,Trinitario,Grenada
La Maison du Chocolat (Valrhona),Akosombo,346,2009,68,France,3.25,Forastero,Ghana
La Maison du Chocolat (Valrhona),"Porcelana, Pariguan",346,2009,69,France,3.5,Criollo (Porcelana),Venezuela
La Maison du Chocolat (Valrhona),Kuruba,439,2009,60,France,3, , 
La Maison du Chocolat (Valrhona),Orinoco,445,2009,60,France,3.75, , 
La Maison du Chocolat (Valrhona),"Cuana, 2008",230,2008,74,France,3.5,Blend,"Ven., Indonesia, Ecuad."
La Oroquidea,Peruvian Amazon,721,2011,72,Peru,2.5, ,Peru
La Pepa de Oro,Vinces,713,2011,60,Ecuador,3.25, ,Ecuador
Laia aka Chat-Noir,"Madagascar, Batch 59/100",1590,2015,75,France,2.75,Trinitario,Madagascar
Laia aka Chat-Noir,"Vietnam, Batch 50/100",1590,2015,75,France,2.75,Trinitario,Vietnam
Laia aka Chat-Noir,"Cuba, Batch 59/100",1590,2015,75,France,3, ,Cuba
Laia aka Chat-Noir,"Peru, Batch 51/100",1590,2015,75,France,3.25, ,Peru
Laia aka Chat-Noir,"Ivory Coast, Batch 56/100",1594,2015,75,France,3, ,Ivory Coast
Laia aka Chat-Noir,"Sao Tome, Batch 151",1638,2015,75,France,3.5,Forastero,Sao Tome
Laia aka Chat-Noir,"Bahia, Batch 148",1642,2015,75,France,3.25, ,Brazil
Laia aka Chat-Noir,"Lam Dong, Batch 153",1642,2015,75,France,3.75,Trinitario,Vietnam
Laia aka Chat-Noir,Cuba,1434,2014,70,France,2.75, ,Cuba
Laia aka Chat-Noir,Trinidad-Tobago,1438,2014,68,France,2.75, ,Trinidad-Tobago
Lajedo do Ouro,Catongo,927,2012,70,Brazil,3.5,Forastero (Catongo),Brazil
Lake Champlain (Callebaut),Tanzania,327,2009,75,U.S.A.,2.5, ,Tanzania
L'Amourette,Rugoso,1784,2016,80,U.S.A.,3.5,Trinitario,Nicaragua
L'Amourette,Carenero Superior,833,2012,75,U.S.A.,3,Trinitario,Venezuela
L'Amourette,Rio Caribe,833,2012,75,U.S.A.,3,Trinitario,Venezuela
L'Amourette,Blend,853,2012,72,U.S.A.,3,Criollo,"Peru, Ecuador, Venezuela"
Letterpress,"La Masica, Batch 7, FHIA",1952,2017,70,U.S.A.,3.5, ,Honduras
Letterpress,"Maya Mtn, Batch 18, Heirloom",1952,2017,70,U.S.A.,3.25, ,Belize
Letterpress,Liberia,1728,2016,70,U.S.A.,3.25, ,Liberia
Letterpress,Beniamo,1562,2015,70,U.S.A.,3.25, ,Bolivia
Letterpress,"San Juan Estate, Gran Couva",1562,2015,70,U.S.A.,3.5,Trinitario,Trinidad
Letterpress,San Andres,1566,2015,70,U.S.A.,3, ,Costa Rica
Letterpress,"La Red, Guaconejo",1566,2015,70,U.S.A.,3.25, ,Domincan Republic
Letterpress,Kokoa Kamili,1566,2015,70,U.S.A.,3.5, ,Tanzania
Letterpress,Maranura,1371,2014,70,U.S.A.,3.5,Forastero (Nacional),Peru
Levy,Sambirano,1231,2014,71,Finland,3.5,Criollo,Madagascar
Lilla,Madagascar,1856,2016,70,Finland,3,Trinitario,Madagascar
Lillie Belle,Perfect Illusion,855,2012,65,U.S.A.,3.5,Criollo,Peru
Lillie Belle,"Bolivia, Wild Thing",903,2012,68,U.S.A.,3.5,Criollo,Bolivia
Lillie Belle,La Selva,903,2012,68,U.S.A.,3.75, ,Peru
Lillie Belle,Purple Haze,947,2012,75,U.S.A.,2.75, ,"Venezuela, Dom. Rep."
Lillie Belle,"The Other One, Grand Cru",947,2012,74,U.S.A.,3, ,Dominican Republic
Lillie Belle,Wild Thing,947,2012,68,U.S.A.,3.5,Criollo,Bolivia
Lindt & Sprungli,Excellence (US Version),157,2007,85,Switzerland,3, , 
Loiza,Puerto Rico,1049,2013,65,Puerto Rico,2.5, ,Puerto Rico
Lonohana,"Haleiwa, O'ahu; Lonohana E., Kanahiku",1383,2014,70,U.S.A.,3.75, ,Hawaii
Lonohana,"Haleiwa E, O'ahu, 2014",1395,2014,65,U.S.A.,3.25, ,Hawaii
Lonohana,"Haleiwa E, O'ahu, 2014",1395,2014,75,U.S.A.,3.75, ,Hawaii
Lonohana,"Opaeula Estate, O'ahu, Nene, CG Exclusive",1093,2013,71,U.S.A.,3, ,Hawaii
Lonohana,"Opaeula Estate, O'ahu, Ele'ele",1097,2013,72,U.S.A.,3, ,Hawaii
Lonohana,"Hawaiian Crown, Kona Vanilla",1097,2013,70,U.S.A.,3.5, ,Hawaii
Love Bar,Nicaragua,1502,2015,75,U.S.A.,2, ,Nicaragua
Luker,Selva,552,2010,46,Colombia,2.75, ,"Colombia, Ecuador"
Luker,Macondo,552,2010,60,Colombia,3, ,"Colombia, Ecuador"
Luker,Misterio,552,2010,58,Colombia,3, ,"Colombia, Ecuador"
Luker,Santander,552,2010,65,Colombia,3.5, ,Colombia
Machu Picchu Trading Co.,Peru,721,2011,70,Peru,1.5, ,Peru
Machu Picchu Trading Co.,Peru,552,2010,55,Peru,2.25, ,Peru
Madecasse (Cinagra),Madagascar,284,2008,67,Madagascar,3.5,Trinitario,Madagascar
Madecasse (Cinagra),Madagascar,284,2008,70,Madagascar,3.75,Trinitario,Madagascar
Madecasse (Cinagra),Madagascar,284,2008,63,Madagascar,4,Trinitario,Madagascar
Madecasse (Cinagra),Madagascar,288,2008,75,Madagascar,3.5,Trinitario,Madagascar
Madre,Guadalcanal,1940,2017,73,U.S.A.,3.5, ,Solomon Islands
Madre,Puerto Rico,1085,2013,70,U.S.A.,2.75, ,Puerto Rico
Madre,Brazil,1085,2013,70,U.S.A.,3.5, ,Brazil
Madre,"Choobua, Kona",1089,2013,70,U.S.A.,2.75, ,Hawaii
Madre,"Xocunusco, Chiapas, Pichucalco",1089,2013,70,U.S.A.,2.75, ,Mexico
Madre,"Hamakua Coast, Kokoleka",991,2012,70,U.S.A.,3.25, ,Hawaii
Madre,"Criollo, Hawaii",995,2012,70,U.S.A.,3.25,Criollo,Hawaii
Madre,Kaua'i,995,2012,70,U.S.A.,3.5, ,Hawaii
Madre,Dominican,672,2011,70,U.S.A.,2.5, ,Dominican Republic
Madre,Upala,693,2011,70,U.S.A.,2.75, ,Costa Rica
Madre,"Chiapas, Triple Cacao",607,2010,72,U.S.A.,2.75, ,Mexico
Maglio,Africa,300,2008,75,Italy,2, ,Tanzania
Maglio,Ecuador,308,2008,70,Italy,3,Forastero (Nacional),Ecuador
Maglio,Cuba,308,2008,70,Italy,3.25,Criollo,Cuba
Maglio,Santo Domingo,308,2008,70,Italy,3.75,"Blend-Forastero,Criollo",Dominican Republic
Majani,Ecuador,531,2010,70,Italy,2, ,Ecuador
Malagasy (Chocolaterie Robert),Sambirano 2006,184,2007,75,Madagascar,2.75,Trinitario,Madagascar
Malagasy (Chocolaterie Robert),Mora Mora 2006,184,2007,73,Madagascar,3.5,Trinitario,Madagascar
Malagos,"Davao, Mt. Talamo foothills",1121,2013,65,Philippines,3.5,Trinitario,Philippines
Malie Kai (Guittard),"O'ahu, N. Shore, Waialua Estate w/ nibs",502,2010,55,U.S.A.,3.5, ,Hawaii
Malie Kai (Guittard),"O'ahu, N. Shore, Waialua Estate",311,2009,55,U.S.A.,2.75,Blend,Hawaii
Malmo,Chuao,1856,2016,70,Sweden,3, ,Venezuela
Mana,Ecuador,1446,2015,74,U.S.A.,2.5, ,Ecuador
Mana,Peru,1219,2014,74,U.S.A.,2.5, ,Peru
Mana,Venezuela,1219,2014,74,U.S.A.,2.75, ,Venezuela
Mana,Conacado,821,2012,74,U.S.A.,3.75, ,Dominican Republic
Manifesto Cacao,Colombia,1331,2014,70,Colombia,2.75, ,Colombia
Manoa,Markham Valley,1522,2015,72,U.S.A.,3.5, ,Papua New Guinea
Manoa,Coto Brus,1522,2015,72,U.S.A.,3.75, ,Costa Rica
Manoa,"Waiahole, O'ahu",1089,2013,72,U.S.A.,3.75, ,Hawaii
Manoa,"Liberia, #174",1003,2012,72,U.S.A.,3.25, ,Liberia
Manoa,"Hamakua, Hawaiian Crown, #176",1007,2012,72,U.S.A.,2.75, ,Hawaii
Manoa,Piura,1007,2012,72,U.S.A.,3, ,Peru
Manoa,"Oahu, Winward, #151, Maunawili district",1007,2012,72,U.S.A.,3.25, ,Hawaii
Manufaktura Czekolady,Johe,1844,2016,70,Poland,3.75, ,Nicaragua
Manufaktura Czekolady,Peru,1848,2016,70,Poland,3.5, ,Peru
Manufaktura Czekolady,Porcelana,1255,2014,70,Poland,3.75,Criollo,Venezuela
Manufaktura Czekolady,Kolumbia,1279,2014,85,Poland,3.5, ,Colombia
Manufaktura Czekolady,Grand Cru Dominican Republic,871,2012,70,Poland,3.25, ,Dominican Republic
Manufaktura Czekolady,Grand Cru Ghana,871,2012,70,Poland,3.5,Forastero,Ghana
Manufaktura Czekolady,Grand Cru Ecuador,875,2012,70,Poland,3.25, ,Ecuador
Map Chocolate,"Ben Tre, Surprise Valley",1896,2016,75,U.S.A.,3.25,Trinitario,Vietnam
Map Chocolate,"ROIG, 2014",1474,2015,70,U.S.A.,3.5,"Criollo, Trinitario",Dominican Republic
Map Chocolate,"Maranon, 2014",1474,2015,62,U.S.A.,3.5,Forastero (Nacional),Peru
Map Chocolate,Ecuador,1478,2015,70,U.S.A.,3.5,Trinitario,Ecuador
Map Chocolate,"San Juan Estate, Cherry Blossoms at Night",1606,2015,70,U.S.A.,2.75,Trinitario,Trinidad
Map Chocolate,"A case of the Xerces Blues, triple roast",1606,2015,70,U.S.A.,3.5, ,Nicaragua
Map Chocolate,"Tumbes, Dear Mr. Finley, 2014",1606,2015,68,U.S.A.,3.5,Criollo,Peru
Map Chocolate,Colombia,1610,2015,75,U.S.A.,2.75, ,Colombia
Map Chocolate,"Kakoa Kamili, Both Man & Bird & Beast",1610,2015,72,U.S.A.,3, ,Tanzania
Map Chocolate,Le Chocolat Chaud,1634,2015,78,U.S.A.,3.5, ,Honduras
Marana,Piura,1872,2016,70,Peru,3, ,Peru
Marana,Cusco,1884,2016,70,Peru,2.75, ,Peru
Marana,San Martin,1884,2016,70,Peru,3, ,Peru
Marigold's Finest,Cacao Nib Crunch,1808,2016,75,Canada,3.25, , 
Marou,"Tan Phu Dong Island, Heart of Darkness",1650,2015,85,Vietnam,3.25,Trinitario,Vietnam
Marou,Ben Tre,1650,2015,68,Vietnam,3.5,Trinitario,Vietnam
Marou,"Dak Lak, Batch 2451",1650,2015,70,Vietnam,3.75,Trinitario,Vietnam
Marou,"Tan Phu Dong, Treasure Island",1149,2013,75,Vietnam,3.5,Trinitario,Vietnam
Marou,Ba Ria,845,2012,76,Vietnam,3.5,Trinitario,Vietnam
Marou,Dong Nai,845,2012,72,Vietnam,3.5,Trinitario,Vietnam
Marou,"Tien Giang, Gao Co-op",845,2012,70,Vietnam,3.5,Trinitario,Vietnam
Marou,Ben Tre,849,2012,78,Vietnam,3.5,Trinitario,Vietnam
Marou,Tien Giang,895,2012,80,Vietnam,3,Trinitario,Vietnam
Marou,Lam Dong,955,2012,74,Vietnam,3.5,Trinitario,Vietnam
Mars,"Matina 1-6, prototype",537,2010,65,U.S.A.,3, ,Costa Rica
Mars,Ivory Coast,544,2010,65,U.S.A.,3, ,Ivory Coast
Mars,Nigeria,544,2010,65,U.S.A.,3.25, ,Nigeria
Mars,"Ghana, prototype",544,2010,65,U.S.A.,3.5,Forastero,Ghana
Marsatta,Dominican Republic,1189,2013,74,U.S.A.,2.25, ,Dominican Republic
Marsatta,Dominican Republic,1189,2013,89,U.S.A.,2.5, ,Dominican Republic
Martin Mayer,Alto Beni,1836,2016,76,Austria,2.75, ,Bolivia
Martin Mayer,Pisa,1836,2016,82,Austria,3, ,Haiti
Martin Mayer,Tumaco,1836,2016,74,Austria,3.25, ,Colombia
Mast Brothers,Guatemala,1450,2015,76,U.S.A.,3, ,Guatemala
Mast Brothers,Tanzania,1450,2015,74,U.S.A.,3.25, ,Tanzania
Mast Brothers,French Laundry 20th Anniversary,1359,2014,75,U.S.A.,3.75,Blend,"Peru, Belize"
Mast Brothers,Shake Shack,959,2012,73,U.S.A.,3.5,Blend,"Peru, Mad., Dom. Rep."
Mast Brothers,Madagascar,999,2012,72,U.S.A.,2.5,Trinitario,
Mast Brothers,Chuao,999,2012,73,U.S.A.,2.75,Trinitario,Venezuela
Mast Brothers,Brooklyn Blend,672,2011,72,U.S.A.,3.5, , 
Mast Brothers,"Chuao, Med. Roast",701,2011,76,U.S.A.,3,Trinitario,Venezuela
Mast Brothers,"Chuao, Dark Roast",709,2011,70,U.S.A.,3,Trinitario,Venezuela
Mast Brothers,"Chuao, Light Roast",713,2011,81,U.S.A.,2.75,Trinitario,Venezuela
Mast Brothers,Moho River,773,2011,70,U.S.A.,3.5,Trinitario,Belize
Mast Brothers,Papua New Guinea,777,2011,71,U.S.A.,2.75, ,Papua New Guinea
Mast Brothers,San Martin,777,2011,75,U.S.A.,3, ,Peru
Mast Brothers,Conacado,777,2011,73,U.S.A.,3.25, ,Dominican Republic
Mast Brothers,"La Red de Guanconejo, N. Highlands coop",777,2011,74,U.S.A.,3.75, ,Dominican Republic
Mast Brothers,Patanemo,572,2010,81,U.S.A.,2.75,Criollo,Venezuela
Mast Brothers,Ocumare de la Costa,572,2010,75,U.S.A.,3, ,Venezuela
Mast Brothers,"Dominican Republic, Coop",572,2010,70,U.S.A.,3.25, ,Dominican Republic
Matale,"Malekula P., 2013",1177,2013,72,Australia,3.5,Trinitario,Vanuatu
Matale,"Somia, 2013",1177,2013,68,Australia,4,Trinitario,Madagascar
Matale,"Kulili P., 2013",1177,2013,74,Australia,4,Trinitario,Papua New Guinea
Matale,Blend,1181,2013,70,Australia,3.75,Trinitario,"PNG, Vanuatu, Mad"
Maverick,Maya Mountain,1367,2014,70,U.S.A.,3.25,Trinitario,Belize
Maverick,Elvesia,1367,2014,70,U.S.A.,3.25, ,Dominican Republic
Maverick,Tumbes,1430,2014,82,U.S.A.,3.25,Criollo,Peru
Maverick,"Morropon, Norandiono Coop, Piura",1430,2014,63,U.S.A.,3.5,Criollo,Peru
Mayacama,Hispaniola,1728,2016,72,U.S.A.,3, ,Domincan Republic
Meadowlands,Bolivia,1287,2014,70,U.S.A.,2.5, ,Bolivia
Meadowlands,Venezuela,1287,2014,70,U.S.A.,2.75, ,Venezuela
Meadowlands,Belize,1287,2014,70,U.S.A.,3,Trinitario,Belize
Meadowlands,"Nicaragua, w/ inbs",1291,2014,70,U.S.A.,3, ,Nicaragua
Meadowlands,Dominican Republic,1291,2014,70,U.S.A.,3.5, ,Dominican Republic
Menakao (aka Cinagra),Madagascar,837,2012,80,Madagascar,2.5,Trinitario,Madagascar
Menakao (aka Cinagra),Madagascar,841,2012,72,Madagascar,2.5,Trinitario,Madagascar
Mesocacao,El Salvador,1494,2015,80,Honduras,2.75, ,El Salvador
Mesocacao,El Salvador,1494,2015,70,Honduras,3, ,El Salvador
Mesocacao,Honduras,1347,2014,80,Honduras,3.25, ,Honduras
Mesocacao,Honduras,1347,2014,70,Honduras,3.5, ,Honduras
Mesocacao,"La Tronca, Matagalpa",1351,2014,70,Honduras,3.25, ,Nicaragua
Mesocacao,"La Tronca, Matagalpa",1351,2014,80,Honduras,3.5, ,Nicaragua
Metiisto,"Fazenda Sempre Firme P., Bahia",1267,2014,70,Sweden,3, ,Brazil
Metiisto,Akesson Estate,1267,2014,72,Sweden,3.5,Trinitario,Madagascar
Metropolitan,South America,1688,2015,70,Amsterdam,3.5,Trinitario,South America
Michel Cluizel,"Chiapas, Mokaya P.",963,2012,66,France,3.75, ,Mexico
Michel Cluizel,"Carenero Superior, Concepcion",117,2007,66,France,3.5,Trinitario,Venezuela
Michel Cluizel,Vila Gracinda,135,2007,67,France,3.5,Forastero,Sao Tome
Michel Cluizel,Carre Amer,24,2006,60,France,2, , 
Michel Cluizel,Carre Grand Noir,24,2006,85,France,2, , 
Michel Cluizel,Tamarina,24,2006,70,France,3,Forastero,Sao Tome
Michel Cluizel,Los Ancones P.,24,2006,67,France,4, ,Dominican Republic
Michel Cluizel,Mangaro P.,24,2006,65,France,4,Trinitario,Madagascar
Michel Cluizel,Maralumi P.,24,2006,64,France,4, ,Papua New Guinea
Michel Cluizel,Noir Infini,81,2006,99,France,2, , 
Middlebury,Maya Mountain,1490,2015,80,U.S.A.,3.5,Trinitario,Belize
Middlebury,San Juan Estate,1490,2015,70,U.S.A.,3.5,Trinitario,Trinidad
Middlebury,Oko Caribe,1490,2015,75,U.S.A.,3.75, ,Dominican Republic
Middlebury,"Patanemo, Epoch, Donaldo",1490,2015,75,U.S.A.,3.75, ,Venezuela
Middlebury,Kokoa Kamili,1538,2015,75,U.S.A.,3.25, ,Tanzania
Middlebury,"Matagalpa, Cacao Bisiesto",1538,2015,70,U.S.A.,3.5, ,Nicaragua
Middlebury,La Red,1117,2013,75,U.S.A.,2.5, ,Dominican Republic
Middlebury,Belize,1117,2013,80,U.S.A.,3.25,Trinitario,Belize
Middlebury,Houseblend,887,2012,65,U.S.A.,1.5, , 
Middlebury,Alto Beni,887,2012,75,U.S.A.,2,Criollo,Bolivia
Middlebury,"Balinese, Java",887,2012,70,U.S.A.,2.5,Criollo,Indonesia
Millcreek Cacao Roasters,Ecuador,1073,2013,70,U.S.A.,2.5,Forastero (Nacional),Ecuador
Millcreek Cacao Roasters,Ecuador,825,2012,70,U.S.A.,3.5, ,Ecuador
Mindo,Ecuador,607,2010,67,U.S.A.,2.75, ,Ecuador
Mindo,Ecuador,607,2010,77,U.S.A.,2.75, ,Ecuador
Minimal,"Acul-du-Nord, 2015",1920,2016,70,Japan,3.5,"Criollo, Trinitario",Haiti
Mission,"Fazenda Camboa, Bahia",1880,2016,75,Brazil,3.75, ,Brazil
Mission,"Bahia, Fazenda Venturosa",1626,2015,70,Brazil,3.5,Forastero (Parazinho),Brazil
Mita,Tumaco,955,2012,65,Colombia,2.5, ,Colombia
Moho,"Toledo District, w/ nibs",1026,2013,73,U.S.A.,3.25,Trinitario,Belize
Moho,Toledo District,1030,2013,72,U.S.A.,3,Trinitario,Belize
Moho,"Umoho R., Toledo District, San Felipe",607,2010,67,U.S.A.,2.75,Trinitario,Belize
Molucca,La Red,1614,2015,70,U.S.A.,3, ,Domincan Republic
Molucca,Indonesia,1618,2015,70,U.S.A.,2.75, ,Indonesia
Molucca,Peru,1618,2015,70,U.S.A.,3.25, ,Peru
Momotombo,Matagalpa,661,2011,70,Nicaragua,2.75, ,Nicaragua
Momotombo,Mombacho,661,2011,70,Nicaragua,2.75, ,Nicaragua
Momotombo,Oscuro,772,2011,70,Nicaragua,3.25, ,Nicaragua
Monarque,Oko Caribe,1812,2016,72,Canada,3.5, ,Dominican Republic
Monsieur Truffe,Papaua New Guinea,1391,2014,70,Australia,3.25, ,Papua New Guinea
Montecristi,Manabi,1654,2015,70,Ecuador,3.25, ,Ecuador
Montecristi,Manabi,1654,2015,63,Ecuador,3.5, ,Ecuador
Montecristi,Manabi,1658,2015,85,Ecuador,3.5, ,Ecuador
Muchomas (Mesocacao),Nicaragua,1462,2015,70,U.S.A.,3.5, ,Nicaragua
Muchomas (Mesocacao),Nicaragua,1462,2015,80,U.S.A.,3.5, ,Nicaragua
Mutari,"Kokoa Kamili, batch 1 SRB",1896,2016,68,U.S.A.,2.75, ,Tanzania
Mutari,"Oko Caribe, batch 1 SRB",1896,2016,71,U.S.A.,2.75, ,Domincan Republic
Mutari,"Ambanja, batch 1 SRB",1900,2016,68,U.S.A.,2.75, ,Madagascar
Mutari,"Tien Giang, batch 1 SRB",1900,2016,80,U.S.A.,3,Trinitario,Vietnam
Nahua,"Costa Rica, Oscuro",1049,2013,58,Costa Rica,2.5, ,Costa Rica
Nahua,"Costa Rica, Oscuro",1049,2013,70,Costa Rica,3, ,Costa Rica
Naive,Trinidad & Tobago,1046,2013,70,Lithuania,3.75, ,"Trinidad, Tobago"
Naive,"Maranon Canyon, Fortunato No. 4",1133,2013,78,Lithuania,3.75,Forastero (Nacional),Peru
Naive,Grenada,867,2012,71,Lithuania,2.5,Trinitario,Grenada
Na�ve,Nicaragua,1379,2014,70,Lithuania,3.25,Criollo,Nicaragua
Na�ve,Chuao,1399,2014,75,Lithuania,2.75,Trinitario,Venezuela
Na�ve,Barinas,1399,2014,70,Lithuania,3, ,Venezuela
Nanea,Criollo Blend,1007,2013,85,U.S.A.,3.5, ,Hawaii
Nathan Miller,Peru,1403,2014,72,U.S.A.,2.25, ,Peru
Nathan Miller,Hispaniola,1403,2014,70,U.S.A.,2.5, ,Dominican Republic
Nathan Miller,Madagascar,1403,2014,73.50,U.S.A.,2.5,Trinitario,Madagascar
Nathan Miller,Ghana,1403,2014,70,U.S.A.,3.5,Forastero,Ghana
Neuhaus (Callebaut),Papua New Guinea,531,2010,70,Belgium,2.5,Criollo,Papua New Guinea
Neuhaus (Callebaut),Manickchand Estate,230,2008,67,Belgium,3.75,Trinitario,Trinidad
Neuhaus (Callebaut),Dark,135,2007,73,Belgium,1, , 
Neuhaus (Callebaut),West Africa,15,2006,73,Belgium,2,Forastero,West Africa
Neuhaus (Callebaut),Sao Tome,15,2006,75,Belgium,2.75,Forastero,Sao Tome
Neuhaus (Callebaut),Ocumare,24,2006,71,Belgium,3,Criollo,Venezuela
Nibble,Patanemo,1526,2015,72,U.S.A.,2.25,Criollo,Venezuela
Nibble,Elvesia P.,1526,2015,72,U.S.A.,2.75,Trinitario,Dominican Republic
Nibble,"Ambanja, Sambirano Valley",1526,2015,72,U.S.A.,3,Trinitario,Madagascar
Nibble,Tumbes,1526,2015,72,U.S.A.,3,Criollo,Peru
Night Owl,Peru,1022,2013,75,U.S.A.,2.75, ,Peru
Night Owl,Ecuador,1022,2013,75,U.S.A.,3.5, ,Ecuador
Noble Bean aka Jerjobo,Ghana,1295,2014,75,U.S.A.,3,Forastero,Ghana
Noble Bean aka Jerjobo,Moho Valley,1299,2014,75,U.S.A.,3,Trinitario,Belize
Noble Bean aka Jerjobo,Maranon Canyon,1299,2014,75,U.S.A.,3.25,Forastero (Nacional),Peru
Noir d' Ebine,Venezuela,837,2012,70,U.S.A.,3, ,Venezuela
Noir d' Ebine,Ecuador,841,2012,70,U.S.A.,3, ,Ecuador
Nova Monda,"La Patriota, cacao Indio, purple label",931,2012,70,Nicaragua,3, ,Nicaragua
Nova Monda,"La Dalia, Matagalpa,cacao Bisesto,green label",935,2012,75,Niacragua,2.75, ,Nicaragua
Nova Monda,"Punta Galera, cacao Nacional, gold label",935,2012,80,Nicaragua,3.25,Forastero (Nacional),Ecuador
Nuance,"Ghana, 2013",1454,2015,70,U.S.A.,3.75,Forastero,Ghana
Nuance,"Ecuador, 2013",1458,2015,70,U.S.A.,2.75,Trinitario,Ecuador
Nuance,"Canoabo, 2013",1458,2015,70,U.S.A.,3,Criollo,Venezuela
Nuance,"Sambirano Valley, 2012",1458,2015,70,U.S.A.,3.5,Trinitario,Madagascar
Nuance,La Red,1470,2015,70,U.S.A.,3.75, ,Dominican Republic
Nugali,Fazenda Leolinda,1876,2016,70,Brazil,3.5,Trinitario (Scavina),Brazil
Oakland Chocolate Co.,Jamaica,478,2010,70,U.S.A.,2.5,Trinitario,Jamaica
Obolo,Pangoa,1638,2015,70,Chile,3.75,Criollo,Peru
Obolo,"Pangoa, w/ nibs",1638,2015,70,Chile,3.75,Criollo,Peru
Ocelot,Virunga,1558,2015,70,Scotland,3.75,Forastero,Congo
Ocelot,Piura,1558,2015,75,Scotland,4,Criollo,Peru
Ocho,Sang Yum Coop,1760,2016,100,New Zealand,2.75, ,Samoa
Ocho,Sang Yum Coop,1760,2016,70,New Zealand,3.5, ,Samoa
Ocho,"PNG, Devotion",1411,2014,66,New Zealand,2.75, ,Papua New Guinea
Ocho,"PNG, Revolution",1411,2014,70,New Zealand,3, ,Papua New Guinea
Ocho,"PNG, Voodoo",1411,2014,88,New Zealand,3.25, ,Papua New Guinea
Ocho,"PNG, Nib Bar",1411,2014,74,New Zealand,3.5, ,Papua New Guinea
Ohiyo,"San Juan Estate, Gran Couva",1594,2015,70,U.S.A.,2.75,Trinitario,Trinidad
Ohiyo,Tanzania,1598,2015,70,U.S.A.,3, ,Tanzania
Oialla by Bojessen (Malmo),"Sylvestre, Oialla",761,2011,70,Germany,3.5,Criollo,Bolivia
Olive and Sinclair,Dominican Republic prototype,486,2010,72,U.S.A.,3, ,Dominican Republic
Olive and Sinclair,Ghana prototype,486,2010,72,U.S.A.,3,Forastero,Ghana
Olive and Sinclair,Dark 67,457,2009,67,U.S.A.,2.75, ,"Ghana, Domin. Rep"
Olive and Sinclair,Dark 75,457,2009,75,U.S.A.,3, ,"Ghana, Domin. Rep"
Olivia,Carribean-Raw,688,2011,76,Canada,2, ,Carribean
Olivia,Carribean,688,2011,76,Canada,2.75, ,Carribean
Olivia,Carribean,688,2011,85,Canada,2.75, ,Carribean
Olivia,Carribean-Raw,688,2011,85,Canada,3, ,Carribean
Omanhene,Ghana,693,2011,80,Ghana,2.75,Forastero,Ghana
Omnom,"Kakao Kamili, Kilombero Valley",1816,2016,70,Iceland,3.75,Trinitario,Tanzania
Omnom,Papua New Guinea,1247,2014,70,Iceland,3, ,Papua New Guinea
Omnom,Madagascar,1247,2014,66,Iceland,3.5,Trinitario,Madagascar
organicfair,Maya Mountain,1161,2013,74,Canada,2.75,Trinitario,Belize
organicfair,La Red,1165,2013,72,Canada,2.75, ,Dominican Republic
organicfair,Nicaraqua,1165,2013,72,Canada,2.75,Trinitario,Nicaragua
organicfair,Caribe,1165,2013,72,Canada,3, ,Dominican Republic
organicfair,Mindo,1165,2013,72,Canada,3,Trinitario,Ecuador
Original Beans (Felchlin),Papua Kerafat,1438,2014,68,Switzerland,2.75, ,Papua New Guinea
Original Beans (Felchlin),"Grand Cru Blend No.1, 5 yr. Anniversary Ed",1442,2014,80,Switzerland,3.25,Blend, 
Original Beans (Felchlin),"Alto Beni, Wild Harvest, Itenez R. 24hr c.",733,2011,66,Switzerland,3.75, ,Bolivia
Original Beans (Felchlin),"D.R. Congo, Cru Virunga",331,2009,70,Switzerland,3,Forastero,Congo
Original Beans (Felchlin),"Piura, Apotequil, ""Porcelana"" 72hr c.",341,2009,75,Switzerland,3,Criollo,Peru
Original Beans (Felchlin),"Alto Beni, Wild Harvest, Itenez R., 60hr c.",341,2009,68,Switzerland,3.25, ,Bolivia
Original Hawaiin Chocolate Factory,"Hawai'i, Kona Grand Cru E.",316,2009,60,U.S.A.,3,Criollo,Hawaii
Original Hawaiin Chocolate Factory,"Hawai'i, Kona Estate Grown",24,2006,60,U.S.A.,3, ,Hawaii
Orquidea,Peru,859,2012,65,Peru,3, ,Peru
Orquidea,Peru,859,2012,72,Peru,3, ,Peru
Pacari,"Sierra Nevada, Tutu Iku",1848,2016,70,Ecuador,4, ,Colombia
Pacari,Garaua,1415,2014,70,Ecuador,3.25, ,Ecuador
Pacari,Cumbia,1415,2014,70,Ecuador,3.5, ,Ecuador
Pacari,Montubia,1415,2014,70,Ecuador,3.75, ,Ecuador
Pacari,Tangara,1415,2014,70,Ecuador,4, ,Ecuador
Pacari,"Ecuador, raw",817,2012,85,Ecuador,2.75, ,Ecuador
Pacari,Piura,863,2012,70,Ecuador,4, ,Peru
Pacari,Nube- prototype,721,2011,70,Ecuador,3.5, ,Ecuador
Pacari,Esmeraldas,224,2008,60,Ecuador,2.5,Forastero (Arriba),Ecuador
Pacari,Manabi,224,2008,65,Ecuador,2.75,Forastero (Arriba),Ecuador
Pacari,Los Rios,224,2008,72,Ecuador,3,Forastero (Arriba),Ecuador
Pacari,Raw,266,2008,100,Ecuador,2,Forastero (Arriba),Ecuador
Pacari,Raw,266,2008,70,Ecuador,3.5,Forastero (Arriba),Ecuador
Palette de Bine,Lachua,1720,2016,70,Canada,2.75, ,Guatemala
Palette de Bine,Maya Mtn,1720,2016,72,Canada,3,Trinitario,Belize
Palette de Bine,"Silvestre, La Paz, Beni",1570,2015,70,Canada,3.25, ,Bolivia
Palette de Bine,"San Juan Estate, Gran Couva",1570,2015,70,Canada,3.25,Trinitario,Trinidad
Palette de Bine,Kokoa Kamili,1574,2015,72,Canada,3.5, ,Tanzania
Palette de Bine,Lam Dong,1574,2015,72,Canada,3.75,Trinitario,Vietnam
Palette de Bine,"Alto Beni, Palos Blancos",1239,2014,72,Canada,2.75, ,Bolivia
Palette de Bine,Sambirano,1239,2014,78,Canada,3.75,Trinitario,Madagascar
Palette de Bine,"Camino Verde P., Balao, Guayas",1303,2014,75,Canada,2.75, ,Ecuador
Palette de Bine,Duo- Gran Couva & Camino Verde,1399,2014,75,Canada,3.5,Blend,"Trinidad, Ecuador"
Palette de Bine,Gran Couva,1399,2014,70,Canada,3.75,Trinitario,Trinidad
Pangea,Matasawalevu,1860,2016,76,Spain,3, ,Fiji
Park 75,South America,1363,2014,65,U.S.A.,3.5, ,South America
Parliament,Kilombero Valley,1856,2016,70,U.S.A.,3.25, ,Tanzania
Parliament,"Lachua, Q'egchi families",1542,2015,70,U.S.A.,3.5, ,Guatemala
Parliament,Alto Beni,1251,2014,70,U.S.A.,3, ,Bolivia
Parliament,Oko Caribe,1255,2014,70,U.S.A.,3.5, ,Dominican Republic
Pascha,Peru,1137,2013,55,Peru,2.5, ,Peru
Pascha,Peru,1137,2013,70,Peru,2.75, ,Peru
Patric,Signature Blend,636,2011,70,U.S.A.,3.75,Blend, 
Patric,Madagascar,331,2009,75,U.S.A.,4,Trinitario,Madagascar
Patric,Madagascar,439,2009,67,U.S.A.,3.5,Trinitario,Madagascar
Patric,"Rio Caribe, Paria Penninsula",439,2009,70,U.S.A.,3.5,Trinitario,Venezuela
Patric,Madagascar,196,2007,70,U.S.A.,4,Trinitario,Madagascar
Patric,"Piura, Choc. Garage Exclusive",1034,2013,67,U.S.A.,4, ,Peru
Paul Young,"Madagascar, w/ shell",1271,2014,73,U.K.,2.25,Trinitario,Madagascar
Paul Young,"Madagascar, w/ shell",1271,2014,64,U.K.,2.75,Trinitario,Madagascar
Peppalo,Dominican Republic,1454,2015,82,U.S.A.,3, ,Dominican Republic
Pierre Marcolini,"Haut Penja, w/ nibs",1658,2015,70,Belgium,3.25,Forastero,Cameroon
Pierre Marcolini,Chuao,478,2010,75,Belgium,3,Criollo,Venezuela
Pierre Marcolini,Trinite,478,2010,75,Belgium,3.25,Trinitario,Trinidad
Pierre Marcolini,"Baracoa, Cuba",516,2010,78,Belgium,3.75,"Criollo, Forastero",Cuba
Pierre Marcolini,"Peru, Las Pampas P.",531,2010,85,Belgium,3,Criollo,Peru
Pierre Marcolini,"Bahia Brazil, Fazenda Sao Pedro",414,2009,72,Belgium,3,Forastero,Brazil
Pierre Marcolini,"Porcelana, Tabasco, Finca La Joya",445,2009,72,Belgium,3,Criollo,Mexico
Pierre Marcolini,Cabosse,111,2007,70,Belgium,4,Blend,"Venezuela, Java"
Pierre Marcolini,"Los Rios, Puerto Romero, Equateur",129,2007,72,Belgium,3.75,Forastero (Nacional),Ecuador
Pierre Marcolini,"Sambirano, Ambanja, Madagascar",141,2007,72,Belgium,4,Trinitario,Madagascar
Pierre Marcolini,Fleur de Cacao,166,2007,85,Belgium,3.5,Blend,Venezuela/ Ghana
Pierre Marcolini,"Porcelana, Tabasco, Limited Ed.",81,2006,72,Belgium,4,Criollo,Mexico
Pierre Marcolini,"Kendem Lembu, Java",93,2006,72,Belgium,3,Criollo,Indonesia
Pierre Marcolini,"Ocumare, Puerto Cabello, Venezuela",93,2006,72,Belgium,4,Criollo,Venezuela
Pinellas,Wampusirpi Region,1772,2016,80,U.S.A.,2.5, ,Honduras
Pitch Dark,Tenor,1506,2015,62,U.S.A.,2.5, ,Nicaragua
Pitch Dark,Johe,1506,2015,80,U.S.A.,2.75, ,Nicaragua
Pitch Dark,Chuno,1510,2015,80,U.S.A.,2.75,"Criollo, Trinitario",Nicaragua
Pitch Dark,Nicalizo,1510,2015,80,U.S.A.,2.75,Trinitario,Nicaragua
Pitch Dark,Rugoso,1510,2015,80,U.S.A.,3.25, ,Nicaragua
Pitch Dark,Akesson Estate,1311,2014,73,U.S.A.,3.25,Trinitario,Madagascar
Pitch Dark,Namau Village,1315,2014,73,U.S.A.,2.5,Trinitario,Fiji
Pitch Dark,"Camino Verde P., Balao, Guayas, ""Fruity""",1319,2014,73,U.S.A.,3.25, ,Ecuador
Pitch Dark,"Camino Verde P., Balao, Guayas, ""Floral""",1319,2014,73,U.S.A.,3.5, ,Ecuador
Pomm (aka Dead Dog),"La Red, 2011",829,2012,76,U.S.A.,2.5, ,Dominican Republic
Pomm (aka Dead Dog),Peru,829,2012,82,U.S.A.,2.75,Criollo,Peru
Potomac,"Oko Caribe, Duarte Province, 2016 H.",1820,2016,70,U.S.A.,3.75, ,Domincan Republic
Potomac,"Cuyagua, 2013",1387,2014,70,U.S.A.,3.75, ,Venezuela
Potomac,Upala w/ nibs,647,2011,70,U.S.A.,3.5,Matina,Costa Rica
Potomac,"Upala, Batch 18",654,2011,70,U.S.A.,3,Matina,Costa Rica
Potomac,"San Martin, Amazonian Highlands",789,2011,70,U.S.A.,2.75, ,Peru
Potomac,Bahia,789,2011,70,U.S.A.,3.5, ,Brazil
Potomac,"Upala, Batch 12",607,2010,82,U.S.A.,3.75,Matina,Costa Rica
Pralus,Peru,1446,2015,75,France,3.25, ,Peru
Pralus,"Porcelana, S. of Lake Maracaibo",717,2011,75,France,3.25,Criollo (Porcelana),Venezuela
Pralus,Chuao,486,2010,75,France,3.5,Trinitario,Venezuela
Pralus,Cuyagua,451,2009,75,France,2, ,Venezuela
Pralus,Papouasie,199,2008,75,France,3,Trinitario,Papua New Guinea
Pralus,"Sambirano Valley, Le 100",202,2008,100,France,3,Criollo,Madagascar
Pralus,Dominican Republic-Organic,280,2008,75,France,2, ,Dominican Republic
Pralus,"Monte Alegre, Diego Badero",280,2008,75,France,3.5, ,Brazil
Pralus,Claudio Corallo w/ nibs,162,2007,75,France,4,Forastero,Sao Tome
Pralus,"Monte Alegre (Itacare), Brazil",105,2006,75,France,3,Forastero,Brazil
Pralus,Tanzania,105,2006,75,France,3.5,Criollo,Tanzania
Pralus,Sao Tome & Principe,5,2006,75,France,3.5,Forastero,Sao Tome & Principe
Pralus,Trinidad,5,2006,75,France,3.5,Trinitario,Trinidad
Pralus,"Madagascar, Nosy Be Isle.",5,2006,75,France,3.75,Criollo,Madagascar
Pralus,"Java, Indonesie",32,2006,75,France,3.5,Criollo,Indonesia
Pralus,"Barlovento, Venezuela",32,2006,75,France,3.5,Trinitario,Venezuela
Pralus,Jamaique,32,2006,75,France,4,Trinitario,Jamaica
Pralus,Equateur,40,2006,75,France,3,Trinitario,Ecuador
Pralus,Vanuatu,40,2006,75,France,3,Trinitario,Vanuatu
Pralus,Ghana,40,2006,75,France,3.25,Forastero,Ghana
Pralus,Colombie,40,2006,75,France,3.5,Trinitario,Colombia
Pralus,Fortissima,93,2006,80,France,4,"Criollo, Trinitario",Ecuador
Pralus,Cuba,99,2006,75,France,3,Trinitario,Cuba
Pralus,"Caracas, Venezuela and Ghana",99,2006,75,France,3,"Trinitario, Forastero","Venezuela, Ghana"
Pralus,"Djakarta, Java and Ghana",99,2006,75,France,3.5,"Criollo, Forastero","Indonesia, Ghana"
Pump Street Bakery,"Chocoan Rainforest, Teroro Escondido, ESM",1872,2016,77,U.K.,3.5, ,Ecuador
Pump Street Bakery,"Crayfish Bay Estate, 2014",1502,2015,70,U.K.,3.5,Trinitario,Grenada
Pump Street Bakery,"Akesson's, batch 4411",1530,2015,74,U.K.,3.5,Criollo,Madagascar
Pump Street Bakery,Honduras,1688,2015,80,U.K.,2.75, ,Honduras
Pump Street Bakery,"Patanemo Vil., Carabobo State, Tisano family",1223,2014,75,U.K.,2.75,Trinitario,Venezuela
Pump Street Bakery,Guantupi River,1223,2014,75,U.K.,3,Forastero (Nacional),Ecuador
Pump Street Bakery,"Akessons Estate, Sambirano, Ambanja",1223,2014,72,U.K.,3.25,Trinitario,Madagascar
Pump Street Bakery,Guantupi River,1227,2014,85,U.K.,2.75,Forastero (Nacional),Ecuador
Pura Delizia,Venezuela,931,2012,73,Italy,2.75, ,Venezuela
Q Chocolate,Brazil,1057,2013,75,Brazil,3.25, ,Brazil
Q Chocolate,Brazil,1057,2013,85,Brazil,3.5, ,Brazil
Q Chocolate,Brazil,1069,2013,55,Brazil,2.75, ,Brazil
Q Chocolate,Brazil,1069,2013,80,Brazil,3.25, ,Brazil
Q Chocolate,Brazil,935,2012,60,Brazil,3, ,Brazil
Q Chocolate,Brazil,935,2012,65,Brazil,3.25, ,Brazil
Quetzalli (Wolter),"Mexico, Lot 28022016",1796,2016,70,Mexico,2.75,Criollo,Mexico
Quetzalli (Wolter),"Uranga, Lot 22032016",1800,2016,74,Mexico,3,Trinitario,Mexico
Raaka,Amazon Basin Blend,1788,2016,70,U.S.A.,3, ,"Peru(SMartin,Pangoa,nacional)"
Raaka,Virunga,1708,2015,75,U.S.A.,2.75,Forastero,Congo
Raaka,Madagascar,959,2012,75,U.S.A.,3.25,Trinitario,Madagascar
Raaka,La Red,785,2011,85,U.S.A.,3.5, ,Dominican Republic
Rain Republic,Suchitepequez E.,470,2010,70,Guatemala,2.75, ,Guatemala
Rancho San Jacinto,Ecuador,565,2010,75,Eucador,3,"Forastero(Arriba, CCN)",Ecuador
Ranger,"San Martin, Batch 2",1558,2015,70,U.S.A.,2.5, ,Peru
Ranger,"Chulucanas, Batch 1",1562,2015,80,U.S.A.,3.25, ,Peru
Ranger,"Tumbes, Batch 2",1562,2015,73,U.S.A.,3.5,Criollo,Peru
Raoul Boulanger,Piura,1872,2016,75,France,3.25,Criollo,Peru
Raw Cocoa,Raw,867,2012,70,Poland,2.5,Criollo, 
Republica del Cacao (aka Confecta),Esmeraldas,494,2010,75,Ecuador,3.25, ,Ecuador
Republica del Cacao (aka Confecta),"Los Rios, Vinces",439,2009,75,Ecuador,2.5,Forastero (Arriba),Ecuador
Republica del Cacao (aka Confecta),Manabi,147,2007,75,Ecuador,3,Forastero (Arriba),Ecuador
Republica del Cacao (aka Confecta),El Oro,147,2007,67,Ecuador,3.5,Forastero (Arriba),Ecuador
Republica del Cacao (aka Confecta),Los Rios,170,2007,75,Ecuador,3.75,Forastero (Arriba),Ecuador
Ritual,"Camino Verde P., Balao, 2015 harvest, batch8",1860,2016,75,U.S.A.,3.75, ,Ecuador
Ritual,"Camino Verde P., Balao, Guayas, 2014",1466,2015,85,U.S.A.,3.5, ,Ecuador
Ritual,"Mid Mountain, 2014",1466,2015,70,U.S.A.,3.5,Blend, 
Ritual,"Toledo District, Maya",1089,2013,75,U.S.A.,3.75,Trinitario,Belize
Ritual,"Maranon, Cajamarca",1181,2013,75,U.S.A.,3,Forastero (Nacional),Peru
Ritual,Sambirano,891,2012,75,U.S.A.,4,Trinitario,Madagascar
Ritual,"Camino Verde P., 2012, Balao, Guayas",967,2012,75,U.S.A.,3.25,Nacional (Arriba),Ecuador
Ritual,Gran Couva,979,2012,75,U.S.A.,3.5,Trinitario,Trinidad
Ritual,Costa Rica,745,2011,75,U.S.A.,3.5, ,Costa Rica
Roasting Masters,"La Dorado, light roast",1844,2016,70,South Korea,3.25, ,Costa Rica
Roasting Masters,"Tapanti, light roast",1844,2016,70,South Korea,3.25, ,Costa Rica
Roasting Masters,Maleku,1844,2016,70,South Korea,3.25, ,Costa Rica
Robert (aka Chocolaterie Robert),Madagascar,1061,2013,75,Madagascar,3.25,Trinitario,Madagascar
Robert (aka Chocolaterie Robert),Madagascar w/ nibs,1061,2013,68,Madagascar,3.25,Trinitario,Madagascar
Rococo (Grenada Chocolate Co.),"Gru Grococo, St. Andrews",923,2012,66,U.K.,3.5,Trinitario,Grenada
Rogue,"La Masica, Batch 1, FHIA Research Center",1748,2016,75,U.S.A.,3.75, ,Honduras
Rogue,"Caranero, Choc. Garage Exclusive",1446,2015,70,U.S.A.,3.75, ,Venezuela
Rogue,"Tranquilidad, Batch 1",1566,2015,75,U.S.A.,3.25, ,Bolivia
Rogue,Porcelana,1209,2014,80,U.S.A.,3.75,Criollo,Venezuela
Rogue,"Akessons Estate, Sambirano, 2013",1038,2013,70,U.S.A.,3.5,Trinitario,Madagascar
Rogue,"Hispaniola, 2013",1081,2013,70,U.S.A.,3.5, ,Dominican Republic
Rogue,"Silvestre, Batch 7, 2013",1081,2013,75,U.S.A.,4, ,Bolivia
Rogue,"Bachelor's Hall E., St. Thomas Parish",1193,2013,75,U.S.A.,3.75,Trinitario,Jamaica
Rogue,"Camino Verde P., Balao, Guayas",979,2012,75,U.S.A.,3.75,Nacional (Arriba),Ecuador
Rogue,"Silvestre, Batch 1, 2011",793,2011,75,U.S.A.,3,Criollo,Bolivia
Rogue,Piura,565,2010,75,U.S.A.,3.75, ,Peru
Rogue,Rio Caribe,327,2009,70,U.S.A.,3.5,Trinitario,Venezuela
Rogue,"Hispaniola, 2008",213,2008,70,U.S.A.,2.75, ,Dominican Republic
Rogue,Jamaica,213,2008,70,U.S.A.,2.75,Trinitario,Jamaica
Rogue,"Sambirano, 2008",213,2008,70,U.S.A.,2.75,Trinitario,Madagascar
Rogue,Trinidad,213,2008,70,U.S.A.,3,Trinitario,Trinidad
Rozsavolgyi,Sur del Lago,809,2012,84,Hungary,2.5, ,Venezuela
Rozsavolgyi,"Rio Caribe Superior, Paria Penninsula",871,2012,76,Hungary,2.25,Trinitario,Venezuela
Rozsavolgyi,"Sambirano, Akesson Estate",871,2012,72,Hungary,2.5,Trinitario,Madagascar
Rozsavolgyi,Carenero Superior,713,2011,73,Hungary,3.5,Criollo,Venezuela
Rozsavolgyi,Porcelana,717,2011,71,Hungary,2.5, ,Venezuela
Rozsavolgyi,"Aragua, Trincheras",717,2011,70,Hungary,3.5, ,Venezuela
Rozsavolgyi,Principe,765,2011,77,Hungary,2.75,Forastero,Principe
S.A.I.D.,Malgascio,607,2010,64,Italy,3.5,Trinitario,Madagascar
S.A.I.D.,100 percent,615,2010,100,Italy,1.5, , 
S.A.I.D.,Samana,615,2010,70,Italy,3, ,Dominican Republic
S.A.I.D.,Arawak,615,2010,72,Italy,3.5, ,Carribean
S.A.I.D.,Latino,615,2010,72,Italy,3.5, , 
Sacred,Midnight,813,2012,83,U.S.A.,2.75, ,Central and S. America
Sacred,Twilight,813,2012,69,U.S.A.,3.25, ,Central and S. America
Salgado,Bahia Superior,288,2008,70,Argentina,3.5,Forastero,Brazil
Salgado,Esmeraldas,288,2008,70,Argentina,3.5,Forastero (Nacional),Ecuador
Salgado,Carenero Superior,288,2008,70,Argentina,3.5,Trinitario,Venezuela
Salgado,Rio Arriba,292,2008,70,Argentina,3.5,Forastero (Arriba) ASSS,Ecuador
Santander (Compania Nacional),Colombian 2008,404,2009,75,Colombia,2.75,Forastero (Nacional),Colombia
Santander (Compania Nacional),Colombian w/ nibs,414,2009,70,Colombia,3,Forastero (Nacional),Colombia
Santander (Compania Nacional),Colombian Semi Dark,32,2006,53,Colombia,2,Forastero (Nacional),Colombia
Santander (Compania Nacional),Colombian,32,2006,65,Colombia,3,Forastero (Nacional),Colombia
Santander (Compania Nacional),Colombian Dark,32,2006,70,Colombia,4,Forastero (Nacional),Colombia
Santome,Sao Tome,761,2011,70,France,2.75,Forastero,Sao Tome
Scharffen Berger,San Juan de Cheni,959,2012,78,U.S.A.,4, ,Peru
Scharffen Berger,Markham Valley,781,2011,68,U.S.A.,3.75, ,Papua New Guinea
Scharffen Berger,Camahogne,464,2010,68,U.S.A.,3.5,Trinitario,Grenada
Scharffen Berger,Amina,464,2010,65,U.S.A.,3.75,"Trinitario, Criollo",Madagascar
Scharffen Berger,Tome Acu,336,2009,68,U.S.A.,3.75, ,Brazil
Scharffen Berger,Asante,336,2009,65,U.S.A.,4,Forastero,Ghana
Scharffen Berger,Ben Tre,445,2009,72,U.S.A.,3.75,Trinitario,Vietnam
Scharffen Berger,Finisterra,227,2008,72,U.S.A.,3,Blend,"Ven., Trinidad, Mad."
Scharffen Berger,Las Islas,117,2007,72,U.S.A.,3,Blend,Carribean(DR/Jam/Tri)
Scharffen Berger,Nibby,135,2007,62,U.S.A.,3, , 
Scharffen Berger,Cuyagua,135,2007,75,U.S.A.,3.75, ,Venezuela
Scharffen Berger,Antilles (Trin/Gren/DR/Ven),188,2007,75,U.S.A.,3,Blend,Carribean
Scharffen Berger,Extra Dark,15,2006,82,U.S.A.,2, , 
Scharffen Berger,Bittersweet,15,2006,70,U.S.A.,3.5,Blend, 
Scharffen Berger,Kumasi Sambirano,40,2006,68,U.S.A.,2,Blend,Ghana & Madagascar
Scharffen Berger,Jamaica a l'ancienne,56,2006,70,U.S.A.,2,Trinitario,Jamaica
Scharffen Berger,Semisweet,56,2006,62,U.S.A.,3,Blend, 
Seaforth,Dominican Republic,1658,2015,70,U.K.,2.75, ,Domincan Republic
Seaforth,Grenada,1658,2015,70,U.K.,2.75, ,Grenada
Shark Mountain,Jamaica,1450,2015,72,U.S.A.,3.25,Trinitario,Jamaica
Shark Mountain,Papua New Guinea,1450,2015,73,U.S.A.,3.5,Forastero,Papua New Guinea
Shark Mountain,Cuyagua,1466,2015,77,U.S.A.,2.75,Criollo,Venezuela
Shark Mountain,ROIG,1466,2015,74,U.S.A.,3.5,"Criollo, Trinitario",Dominican Republic
Shark Mountain,Ecuador,1335,2014,75,U.S.A.,3,Trinitario,Ecuador
Shark Mountain,"Belize, 2013",1335,2014,72,U.S.A.,3.25,"Criollo, Trinitario",Belize
Shark's,Hilo,713,2011,73,U.S.A.,2, ,Hawaii
Shark's,"Hilo, w/ added cocoa butter",721,2011,73,U.S.A.,2.5, ,Hawaii
Shattel,Tingo Maria,1884,2016,70,Peru,3.25, ,Peru
Shattell,Porcelana,757,2011,75,Peru,3.5,Criollo,Peru
Sibu,Oro,1586,2015,82,Costa Rica,3.25, ,Costa Rica
Sibu,Oscuro,1586,2015,70,Costa Rica,3.5, ,Costa Rica
Sibu Sura,Peru,911,2012,70,U.S.A.,2.5, ,Peru
Silvio Bessone,Maya Belize,717,2011,67,Italy,3,Criollo,Belize
Silvio Bessone,"Trintade, Sao Tome",725,2011,65,Italy,3.25,Forastero,Sao Tome
Silvio Bessone,"Bahia, Scavina",729,2011,60,Italy,3.25,Trinitario,Brazil
Silvio Bessone,"Porcelana, Colombia, Amazonas",741,2011,68,Italy,3,"Criollo, Trinitario",Colombia
Sirene,Wild Bolivia,1788,2016,73,Canada,3.5, ,Bolivia
Sirene,Kokoa Kamili Coop,1856,2016,73,Canada,3.5, ,Tanzania
Sirene,"Esmeraldas, Salazar Farm",1860,2016,73,Canada,3.75, ,Ecuador
Sirene,"Somia Plantation, 2012",1502,2015,100,Canada,3,Trinitario,Madagascar
Sirene,"Camino Verde P., Balao, Guayas, 2012",1506,2015,100,Canada,3, ,Ecuador
Sirene,Lachua w/ cane sugar,1614,2015,73,Canada,3, ,Guatemala
Sirene,"Lachua w/ maple sugar, batch 5",1614,2015,73,Canada,3.25, ,Guatemala
Sirene,Pisa,1650,2015,73,Canada,3.25, ,Haiti
Sirene,"Somia Plantation, 2012",1339,2014,67,Canada,3.75,Trinitario,Madagascar
Sirene,"Somia Plantation, 2012",1339,2014,73,Canada,3.75,Trinitario,Madagascar
Sirene,"Camino Verde P., Balao, Guayas",1343,2014,73,Canada,3.75, ,Ecuador
Sjolinds,Ghana,1454,2015,70,U.S.A.,2.75,Forastero,Ghana
Sjolinds,Nicaragua,1462,2015,72,U.S.A.,3, ,Nicaragua
"Smooth Chocolator, The","Oko Caribe, DOR005",1940,2017,70,Australia,3.5, ,Dominican Republic
"Smooth Chocolator, The","Guasare, La Sierra de Perija, batch gua001",1740,2016,70,Australia,3.75,Criollo,Venezuela
"Smooth Chocolator, The","Porcelana, Sorotaima,Machiques,batch pcl001",1740,2016,70,Australia,4,Criollo,Ecuador
"Smooth Chocolator, The","Maya Mtn, Moho R., Toledo D.",1756,2016,70,Australia,3.75, ,Belize
"Smooth Chocolator, The",Tien Giang,1864,2016,70,Australia,3,Trinitario,Vietnam
"Smooth Chocolator, The",Australia,1864,2016,67,Australia,3.75, ,Australia
"Smooth Chocolator, The","Chimelb, Lanquin, Alta Verapaz, b-GUA001",1908,2016,70,Australia,3.25, ,Guatemala
"Smooth Chocolator, The",Akesson's Estate,1618,2015,65,Australia,3.25,Trinitario,Madagascar
"Smooth Chocolator, The",Akesson's Estate,1622,2015,70,Australia,3.5,Trinitario,Madagascar
"Smooth Chocolator, The",Kokoa Kamili,1622,2015,67,Australia,3.75, ,Tanzania
"Smooth Chocolator, The",San Juan Estate,1622,2015,70,Australia,3.75,Trinitario,Trinidad
"Smooth Chocolator, The",Camino Verde,1622,2015,72,Australia,4, ,Ecuador
"Smooth Chocolator, The",Bolivia,1626,2015,72,Australia,2.75, ,Bolivia
"Smooth Chocolator, The","Papua New Guinea, triple roast, batch 1",1662,2015,65,Australia,3.5, ,Papua New Guinea
"Smooth Chocolator, The","Maranon, batch 2",1666,2015,67,Australia,3,Forastero (Nacional),Peru
"Smooth Chocolator, The","Chuao, batch 3",1666,2015,70,Australia,3.75,Trinitario,Venezuela
Snake & Butterfly,Ghana,693,2011,67,U.S.A.,1.5,Forastero,Ghana
Snake & Butterfly,Madagascar,502,2010,68,U.S.A.,3,Trinitario,Madagascar
Snake & Butterfly,Ecuador,502,2010,68,U.S.A.,3.25, ,Ecuador
Sol Cacao,"Ecuador, Batch 1",1812,2016,70,U.S.A.,3.5, ,Ecuador
Sol Cacao,Madagascar,1518,2015,72,U.S.A.,3,Trinitario,Madagascar
Solkiki,"Maranon, Fortunato No. 4",1840,2016,68,U.K.,2.75,Forastero (Nacional),Peru
Solkiki,"Castillo, Hispaniola, unroasted",1840,2016,85,U.K.,2.75, ,Domincan Republic
Solomons Gold,Solomon Island,1792,2016,70,New Zealand,3.25, ,Solomon Islands
Solomons Gold,Solomon Island w/ nibs,1796,2016,75,New Zealand,3.25, ,Solomon Islands
Solstice,Bundibugyo,1335,2014,70,U.S.A.,3,"Forastero, Trinitario",Uganda
Solstice,Sambirano,1157,2013,70,U.S.A.,3,Trinitario,Madagascar
Solstice,Amazonas,1157,2013,70,U.S.A.,3, ,Venezuela
Solstice,Bolivia,1161,2013,70,U.S.A.,3.25, ,Bolivia
Solstice,San Martin,1161,2013,70,U.S.A.,3.25, ,Peru
Solstice,Wasatch,1161,2013,70,U.S.A.,3.5,Blend, 
Soma,"Oko Caribe, Duarte P., Collab w Chocosol",1820,2016,62,Canada,3.5, ,Domincan Republic
Soma,"Sambirano Valley, Black Science, B-60307.0",1820,2016,70,Canada,3.5,Trinitario,Madagascar
Soma,"Bahia Black, batch bra50722.1",1828,2016,70,Canada,3.5,Forastero (Parazinho),Brazil
Soma,"Abstract S. w/ Jamaica nibs,batch abs60323.0",1828,2016,75,Canada,3.75, ,"Ven.,Ecu.,Peru,Nic."
Soma,"Chuno, San Jose de Bocay, Pantasma R.,B.S.",1828,2016,70,Canada,3.75,Trinitario,Nicaragua
Soma,"Tien Giang, Black S., batch VIT60420.0",1828,2016,70,Canada,4,Trinitario,Vietnam
Soma,"Camino Verde, Black S., batch cvu6030.0",1832,2016,70,Canada,3.25, ,Ecuador
Soma,CSB Chama,1594,2015,70,Canada,3.5,Criollo,Venezuela
Soma,Porcelana,1594,2015,75,Canada,4, ,Venezuela
Soma,"La Tronca, Matagalpa",1227,2014,70,Canada,3.5, ,Nicaragua
Soma,Maranon Canyon,1259,2014,70,Canada,3.75,Forastero (Nacional),Peru
Soma,La Dalia,1307,2014,70,Canada,3.25,Trinitario,Nicaragua
Soma,"Camino Verde P., Balao, Guayas",1307,2014,80,Canada,3.5,Forastero (Nacional),Ecuador
Soma,"Espiritu Santo, 'Smoke Monster'",1307,2014,70,Canada,3.75,Forastero (Amelonado),Vanuatu
Soma,Little Big Man,1339,2014,70,Canada,3.25,Blend,Madagascar & Ecuador
Soma,"Rizek Cacao, Domin. Rep.",1019,2013,77,Canada,3.75,Trinitario,Dominican Republic
Soma,Java,1030,2013,70,Canada,3.25,Criollo,Indonesia
Soma,"Apurimac, El Quinacho Co-op",1073,2013,70,Canada,2.75,Criollo,Peru
Soma,"Sangre Grande P., Trinidad",1073,2013,70,Canada,3.75,Trinitario,Trinidad
Soma,Chef's Blend,1077,2013,70,Canada,3.25, , 
Soma,Patanemo,1077,2013,70,Canada,3.75,Criollo,Venezuela
Soma,Crazy 88,1077,2013,88,Canada,4, ,"Guat., D.R., Peru, Mad., PNG"
Soma,"Maracaibo, El Vigia",1077,2013,70,Canada,4,Criollo,Venezuela
Soma,Equator,1081,2013,67,Canada,4, ,"Peru, Dom. Rep"
Soma,Orinoco,1173,2013,70,Canada,3.25,Forastero,Venezuela
Soma,"Bachelor's Hall E., St. Thomas Parish",1177,2013,70,Canada,4,Trinitario,Jamaica
Soma,Noula Coop,817,2012,70,Canada,3.25, ,Haiti
Soma,O'ahu,833,2012,70,Canada,3.75, ,Hawaii
Soma,"Dual Origins, Sambirano, Elvesia",867,2012,70,Canada,4,Blend,"Dom. Rep., Madagascar"
Soma,"Dancing in Your Head, 5 bean blend",867,2012,70,Canada,4,Blend,"Gre., PNG, Haw., Haiti, Mad"
Soma,Cahabon Region,951,2012,70,Canada,3.5,Trinitario,Guatemala
Soma,Carenero Superior,951,2012,70,Canada,3.75,Trinitario,Venezuela
Soma,Eastern Promises,967,2012,70,Canada,3.5,Blend,"Mad., Java, PNG"
Soma,Papua New Guinea,983,2012,85,Canada,3.5,Trinitario,Papua New Guinea
Soma,"Grenada, Black Science",676,2011,70,Canada,2.75,Trinitario,Grenada
Soma,"Alto Beni, Wild Bolivian",676,2011,70,Canada,3.5,Nacional,Bolivia
Soma,Peruvian,676,2011,64,Canada,4, ,Peru
Soma,"Three Amigos(Chuao, Wild Bolivia, D.R.)",676,2011,70,Canada,4,,"Ven, Bolivia, D.R."
Soma,"Elvesia P., Black Science",682,2011,70,Canada,3.75,Forastero,Dominican Republic
Soma,Chuao,688,2011,70,Canada,3.5,Criollo,Venezuela
Soma,Black Science Blend 1,607,2010,70,Canada,3.75,"Trinitario, Nacional","DR, Ecuador, Peru"
Soma,Hispaniola,377,2009,70,Canada,3,Forastero,Dominican Republic
Soma,Africa,377,2009,70,Canada,3.5,Forastero,Ghana
Soma,Conacado,387,2009,70,Canada,3,Trinitario,Dominican Republic
Soma,Papua New Guinea,387,2009,70,Canada,3.5,Trinitario,Papua New Guinea
Soma,Madagascar,387,2009,70,Canada,3.75,Criollo,Madagascar
Soma,Ocumare,387,2009,70,Canada,3.75,Criollo,Venezuela
Somerville,Nicaragua,1367,2014,70,U.S.A.,3.25, ,Nicaragua
Somerville,"Hawaiian, Big Island",1395,2014,70,U.S.A.,3.5, ,Hawaii
Soul,Dominican Republic,1932,2017,70,Canada,3.25, ,Dominican Republic
Soul,Madagascar,1936,2017,70,Canada,3.5, ,Madagascar
Soul,Venezuela,1936,2017,75,Canada,3.5, ,Venezuela
Soul,Ecuador,1936,2017,75,Canada,3.25, ,Ecuador
Soul,Papua New Guinea,1936,2017,77,Canada,3.25, ,Papua New Guinea
Soul,Tanzania,1940,2017,80,Canada,3.5, ,Tanzania
Spagnvola,AgroCriso Plantation,793,2012,70,U.S.A.,3, ,Dominican Republic
Spagnvola,AgroCriso Plantation,793,2012,80,U.S.A.,3, ,Dominican Republic
Spagnvola,AgroCriso Plantation,793,2012,75,U.S.A.,3.25, ,Dominican Republic
Spencer,Dominican Republic,1932,2017,70,U.S.A.,3.75, ,Dominican Republic
Spencer,Ecuador,1932,2017,70,U.S.A.,3.5, ,Ecuador
Spencer,Peru,1932,2017,70,U.S.A.,2.75, ,Peru
Spencer,"Dominican Republic, lot D82R",1792,2016,70,Australia,3.5, ,Domincan Republic
Spencer,"Ecuador, lot E432314L",1792,2016,70,Australia,3.75, ,Ecuador
Spencer,"Madagascar, lot M0403R",1792,2016,70,Australia,3.75, ,Madagascar
Spencer,Malekula Island,1434,2014,72,Australia,2.75,Trinitario,Vanuatu
Sprungli (Felchlin),Alto Beni,1057,2013,70,Switzerland,3,Criollo,Bolivia
SRSLY,Dominican Republic,1113,2013,70,U.S.A.,3, ,Dominican Republic
SRSLY,Dominican Republic,1121,2013,84,U.S.A.,2.25, ,Dominican Republic
Starchild,"Bolivar, Arriba",1634,2015,70,U.S.A.,3,Forastero (Nacional),Ecuador
Starchild,Hispaniola,1692,2015,70,U.S.A.,3, ,Domincan Republic
Starchild,Cacao Verapaz,1692,2015,70,U.S.A.,3, ,Guatemala
Starchild,Rio Tuma,1692,2015,70,U.S.A.,3,Trinitario (Amelonado),Nicaragua
Starchild,Sambirano Valley,1696,2015,70,U.S.A.,3,Trinitario,Madagascar
Stella (aka Bernrain),"Bahia, Agri-Forestal Plantation, 2010",859,2012,68,Switzerland,2.75,Trinitario,Brazil
Stella (aka Bernrain),India,729,2011,72,Switzerland,3.25, ,India
Stone Grindz,"Ecuador, Midnight Dark",1291,2014,84,U.S.A.,3.5, ,Ecuador
Stone Grindz,"Ecuador, Twilght Dark",1291,2014,70,U.S.A.,3.5, ,Ecuador
StRita Supreme,"Samar, East Visayas region",939,2012,65,U.S.A.,2.5, ,Philippines
StRita Supreme,"Samar, East Visayas region",943,2012,70,U.S.A.,2.5, ,Philippines
StRita Supreme,"Samar, East Visayas region",943,2012,75,U.S.A.,2.75, ,Philippines
Sublime Origins,Sambirano,1157,2013,67,U.S.A.,2.75,Trinitario,Madagascar
Sublime Origins,Moho Valley,1157,2013,78,U.S.A.,3.25,Trinitario,Belize
Summerbird,Peru,1800,2016,61,Denmark,2.5,"Criollo, Trinitario",Peru
Summerbird,Peru,1800,2016,71,Denmark,3,"Criollo, Trinitario",Peru
Suruca Chocolate,Venezuela,1796,2016,70,Venezuela,2.75, ,Venezuela
Suruca Chocolate,Venezuela,1796,2016,60,Venezuela,3, ,Venezuela
Svenska Kakaobolaget,Sri Lanka,1618,2015,70,Sweden,2.75,"Criollo, Trinitario",Sri Lanka
Szanto Tibor,Nacional,1668,2015,70,Hungary,3.25, ,Ecuador
Szanto Tibor,Baracoa,1704,2015,88,Hungary,3.25,Trinitario,Cuba
Szanto Tibor,Ambolikapiky,1704,2015,70,Hungary,3.25,Trinitario,Madagascar
Szanto Tibor,"Winak, Sumaco",1704,2015,70,Hungary,3.75,Forastero (Nacional),Ecuador
Szanto Tibor,"Ben Tre, Mekong Delta",1708,2015,70,Hungary,3.25,Trinitario,Vietnam
Szanto Tibor,"Fazenda Sempre Firme, Bahia",1708,2015,70,Hungary,3.5,Forastero (Parazinho),Brazil
Szanto Tibor,Porcelana,1263,2014,70,Hungary,3.5,Criollo,Venezuela
Szanto Tibor,Baracoa,1263,2014,70,Hungary,3.75,Trinitario,Cuba
Szanto Tibor,"Autumn, Primary Harvest, 2012",1185,2013,70,Hungary,3.5,Criollo,Madagascar
Szanto Tibor,"Spring, Secondary Harvest, 2012",1185,2013,70,Hungary,3.5,Criollo,Madagascar
Szanto Tibor,Cacao Blanco,1193,2013,70,Hungary,3.25, ,Nicaragua
Szanto Tibor,Santo Domingo,939,2012,70,Hungary,3.25, ,Dominican Republic
Szanto Tibor,Millot Plantation,939,2012,70,Hungary,3.25, ,Madagascar
Szanto Tibor,"Ayacucho, ""El Guinacho""",939,2012,70,Hungary,3.75, ,Peru
Szanto Tibor,Crudo,761,2011,70,Hungary,3, ,Venezuela
Tabal,Costa Rica,1101,2013,70,U.S.A.,2.75, ,Costa Rica
Tabal,Dominican Republic,1101,2013,70,U.S.A.,2.75, ,Dominican Republic
Tabal,"Chiapas, Lacandon Jungle",1105,2013,70,U.S.A.,2.5, ,Mexico
Tabal,Peru,1105,2013,70,U.S.A.,3, ,Peru
Tablette (aka Vanillabeans),Colombia,1450,2015,70,Japan,3, ,Colombia
Tablette (aka Vanillabeans),Papua,1450,2015,62,Japan,3.25, ,Papua New Guinea
Tablette (aka Vanillabeans),Vietnam,1450,2015,60,Japan,3.25,Trinitario,Vietnam
Tablette (aka Vanillabeans),Trinidad,1680,2015,77,Japan,2.75,Trinitario,Trinidad
Tan Ban Skrati,"Paramaribo, batch 20160043-01",1868,2016,70,Suriname,3.25,Trinitario,Suriname
Taza,Belize,1271,2014,68,U.S.A.,3,Trinitario,Belize
Taza,Alto Beni,785,2011,87,U.S.A.,3.25, ,Bolivia
Taza,Chiapan,451,2009,75,U.S.A.,2.75, ,Mexico
Taza,"Dark, Stone Ground",180,2007,70,U.S.A.,3, ,Dominican Republic
TCHO,West Africa,1716,2016,62,U.S.A.,2,Forastero,West Africa
TCHO,Peru- Ecuador,915,2012,99,U.S.A.,3.25, ,"Peru, Ecuador"
TCHO,TCHOPro 60.5,387,2009,60,U.S.A.,2.75, , 
TCHO,TCHOPro 68,387,2009,68,U.S.A.,3, , 
TCHO,Chocolatey-beta,199,2008,70,U.S.A.,2.5,Forastero,Ghana
TCHO,Fruity-beta,280,2008,70,U.S.A.,2.5, ,Peru
TCHO,Citrus-beta,280,2008,70,U.S.A.,2.75, ,Madagascar
TCHO,Nutty-beta,284,2008,70,U.S.A.,2.5, ,Peru
Tejas,Concepcion,801,2012,70,U.S.A.,2.75, ,Madagascar
Tejas,Bayou Blend,801,2012,70,U.S.A.,3,Blend,"Ecuador, Mad., PNG"
Tejas,Aranama,805,2012,70,U.S.A.,3, ,Papua New Guinea
Tejas,Presidio,805,2012,70,U.S.A.,3.5, ,Dominican Republic
Tejas,"La Bahia, w/ cane juice",817,2012,70,U.S.A.,3.25, ,Ecuador
Tejas,Capistrano,821,2012,70,U.S.A.,2, ,Peru
Tejas,"La Bahia, w/ cane sugar",825,2012,70,U.S.A.,3.25, ,Ecuador
Tejas,San Jose,829,2012,70,U.S.A.,2.75, ,Bolivia
Tejas,Capistrano*,829,2012,70,U.S.A.,3, ,Madagascar
Tejas,Espada,833,2012,70,U.S.A.,3.25, ,Mexico
Tejas,Espada,967,2012,70,U.S.A.,2.75, ,Brazil
Tejas,Concepcion*,971,2012,80,U.S.A.,3, ,Venezuela
Tejas,San Jose,971,2012,67,U.S.A.,3.25, ,Bolivia
Tejas,"Bahia, Floresta Azul,Good Friends Reserve#3",971,2012,70,U.S.A.,3.5,Forastero (Parazinho),Brazil
Terroir,Peru,1478,2015,70,U.S.A.,2.75, ,Peru
Terroir,Belize,1478,2015,70,U.S.A.,3.75,Trinitario,Belize
Terroir,Madagascar,1478,2015,70,U.S.A.,3.75,Trinitario,Madagascar
Terroir,Ecuador,1482,2015,70,U.S.A.,3.25, ,Ecuador
Terroir,Oko Caribe,1554,2015,70,U.S.A.,3.5, ,Domincan Republic
Terroir,Guatemala,1558,2015,70,U.S.A.,3.75,Trinitario,Guatemala
Terroir,Ecuador,1323,2014,77,U.S.A.,3.25, ,Ecuador
Terroir,Madagascar,1323,2014,67,U.S.A.,3.75,Trinitario,Madagascar
Terroir,Uganda,1323,2014,73,U.S.A.,3.75,Forastero,Uganda
The Barn,Peru,1614,2015,70,Sweden,3, ,Peru
Theo,Congo w/ nibs,903,2012,65,U.S.A.,3.25,Forastero,Congo
Theo,Madagascar,162,2007,65,U.S.A.,3.5,Trinitario,Madagascar
Theo,Ivory Coast,184,2007,75,U.S.A.,2.5, ,Ivory Coast
Theo,"Ghana, Kumasi",184,2007,84,U.S.A.,3,Forastero,Ghana
Theo,"Venezuela; Barinos, Merida, Tachron",188,2007,91,U.S.A.,2,Blend,Venezuela
Theo,"Ghana, Panama, Ecuador",188,2007,75,U.S.A.,3,Blend,"Ghana, Panama, Ecuador"
Theobroma,"Piura Select, Cacao Blanc",1684,2015,70,Japan,3.25, ,Peru
Timo A. Meyer,"Belize, med roast",1836,2016,72,Germany,3.75,"Trinitario, TCGA",Belize
To'ak (Ecuatoriana),Manabi,1418,2014,81,Ecuador,3.25,Forastero (Nacional),Ecuador
Tobago Estate (Pralus),"Roxborough, Tobago",895,2012,70,France,4,Trinitario,Tobago
Tocoti,"Wild Bolivian, Jungle Love",927,2012,77,U.S.A.,3,Criollo,Bolivia
Tocoti,Venezuela,789,2011,72,U.S.A.,2.75, ,Venezuela
Tocoti,Dominican Republic,789,2011,74,U.S.A.,3, ,Dominican Republic
Treehouse,Conacado,1239,2014,72,U.S.A.,3, ,Dominican Republic
Tsara (Cinagra),"Ambanja, Tsara Valley",753,2011,72,Madagascar,3.5, ,Madagascar
twenty-four blackbirds,Oko Caribe,1700,2015,75,U.S.A.,2.75, ,Domincan Republic
twenty-four blackbirds,"Cedeno, lot 271",1700,2015,75,U.S.A.,3.5, ,Ecuador
twenty-four blackbirds,Madagascar,1235,2014,75,U.S.A.,3.5,Trinitario,Madagascar
twenty-four blackbirds,Dominican Republic,1022,2013,68,U.S.A.,3.25, ,Dominican Republic
twenty-four blackbirds,Palos Blancos,1026,2013,75,U.S.A.,2.5, ,Bolivia
twenty-four blackbirds,Dominican Republic,753,2011,73,U.S.A.,2.75, ,Dominican Republic
Two Ravens,Peru,1740,2016,60,U.S.A.,3,Criollo,Peru
Un Dimanche A Paris,Dominican Republic,709,2011,63,France,3.75, ,Dominican Republic
Undone,Matagalpa,1438,2014,74,U.S.A.,2.75, ,Nicaragua
Undone,Nourish,1438,2014,70,U.S.A.,3, ,Dominican Republic
Upchurch,"Madagascar, Sassy Bar",1752,2016,72,U.S.A.,3,Trinitario,Madagascar
Upchurch,"Tanzania, Party Bar",1752,2016,72,U.S.A.,3.25, ,Tanzania
Urzi,"Sur del Lago, Merida",1327,2014,65,Italy,3.25,Trinitario,Venezuela
Valrhona,"Piura, Illanka, Quemazon",1510,2015,63,France,4, ,Peru
Valrhona,"Andoa, Grand Cru blend",1145,2013,70,France,3.5, , 
Valrhona,"Loma Sotavento, 2013",1153,2013,64,France,3.5, ,Dominican Republic
Valrhona,"Otucan, Grand Cru",931,2012,69,France,4, ,Venezuela
Valrhona,Caraque,709,2011,56,France,3.25, , 
Valrhona,"Porcelana, Pedegral",757,2011,64,France,4,Criollo,Venezuela
Valrhona,Tainori,327,2009,64,France,3.75, ,Dominican Republic
Valrhona,Alpaco,370,2009,66,France,3.75, ,Ecuador
Valrhona,Nyangbo,395,2009,68,France,3.5,Forastero,Ghana
Valrhona,Araguani,117,2007,72,France,3,Blend,"Venezuela, Carribean"
Valrhona,Chuao 2002 P.,129,2007,65,France,3.75,Trinitario,Venezuela
Valrhona,Manjari,129,2007,64,France,4,"Criollo, Trinitario",Madagascar
Valrhona,Le Noir Extra Amer,147,2007,85,France,1.5, , 
Valrhona,Abinao,153,2007,85,France,2.5,Forastero,West Africa
Valrhona,Le Noir Amer,157,2007,71,France,2.75,Forastero,West Africa
Valrhona,"Porcelana, Maracaibo, Palmira P. 2006",162,2007,64,France,3.25,Criollo (Porcelana),Venezuela
Valrhona,Caraibe,63,2006,66,France,3,Trinitario,Carribean
Valrhona,Guanaja,63,2006,70,France,4,"Criollo, Trinitario",South America
Valrhona,Gran Couva 2005 P.,75,2006,64,France,2.5,Trinitario,Trinidad
Valrhona,"Porcelana, Maracaibo, Palmira P. 2005",75,2006,64,France,3,Criollo (Porcelana),Venezuela
Valrhona,"Sambirano, Ampamakia 2005, Millot P.",75,2006,64,France,3.5,Trinitario,Madagascar
Vanleer (Barry Callebaut),Manhattan,963,2012,72,U.S.A.,2.5,Forastero,Ghana
Vanleer (Barry Callebaut),Napa,963,2012,65,U.S.A.,2.75,Forastero,Ghana
Vao Vao (Chocolaterie Robert),Madagascar,404,2009,72,Madagascar,2.75,Trinitario,Madagascar
Vao Vao (Chocolaterie Robert),Madagascar,404,2009,76,Madagascar,2.75,Trinitario,Madagascar
Vao Vao (Chocolaterie Robert),Madagascar,404,2009,80,Madagascar,2.75,Trinitario,Madagascar
Vao Vao (Chocolaterie Robert),Madagascar,404,2009,70,Madagascar,3,Trinitario,Madagascar
Vao Vao (Chocolaterie Robert),Madagascar w/ nibs,404,2009,68,Madagascar,3,Trinitario,Madagascar
Vao Vao (Chocolaterie Robert),Madagascar,404,2009,64,Madagascar,3.25,Trinitario,Madagascar
Vicuna,Palos Blancos,1470,2015,70,U.S.A.,3.25, ,Bolivia
Vicuna,Palos Blancos + nibs,1470,2015,70,U.S.A.,3.25, ,Bolivia
Videri,Dominican Republic,1211,2014,90,U.S.A.,3.25, ,Dominican Republic
Videri,Trinidad,1211,2014,75,U.S.A.,3.5,Trinitario,Trinidad
Videri,Mindo,1227,2014,75,U.S.A.,3.5, ,Ecuador
Videri,Dark,1117,2013,90,U.S.A.,3.75, ,Central and S. America
Videri,Classic,991,2012,70,U.S.A.,3.25, ,Central and S. America
Vietcacao (A. Morin),"Ben Tre, Mekong Delta, MoCay",951,2012,70,France,3.5,Trinitario,Vietnam
Vintage Plantations,San Martin,1205,2014,75,U.S.A.,3, ,Peru
Vintage Plantations (Tulicorp),"Los Rios, Rancho Grande 2004/2007",153,2007,100,U.S.A.,2,Forastero (Arriba),Ecuador
Vintage Plantations (Tulicorp),"Los Rios, Rancho Grande 2004/2007",153,2007,90,U.S.A.,2,Forastero (Arriba),Ecuador
Vintage Plantations (Tulicorp),"Los Rios, Rancho Grande 2004/2007",153,2007,75,U.S.A.,3,Forastero (Arriba),Ecuador
Vintage Plantations (Tulicorp),"Los Rios, Rancho Grande 2007",153,2007,65,U.S.A.,3,Forastero (Arriba),Ecuador
Violet Sky,Sambirano Valley,1458,2015,77,U.S.A.,2.75,Trinitario,Madagascar
Violet Sky,Moho River Valley,1458,2015,77,U.S.A.,3,"Criollo, Trinitario",Belize
Violet Sky,Cuyagua,1458,2015,77,U.S.A.,3,Criollo,Venezuela
Violet Sky,Peru,1458,2015,77,U.S.A.,3.25,"Criollo, Trinitario",Peru
Violet Sky,Cahabon,1502,2015,77,U.S.A.,2.75,Trinitario,Guatemala
Vivra,Peru,1720,2016,70,U.S.A.,2.5, ,Peru
Vivra,Ocumare,1720,2016,70,U.S.A.,2.5, ,Venezuela
Vivra,Dominican Republic,1724,2016,70,U.S.A.,3, ,Domincan Republic
Wellington Chocolate Factory,Conacado,1756,2016,70,New Zealand,3.5,Trinitario,Dominican Republic
Wellington Chocolate Factory,"Piura Blanco, Norandino",1756,2016,70,New Zealand,3.5, ,Peru
Whittakers,Ghana,733,2011,72,New Zealand,2.5,Forastero,Ghana
Wilkie's Organic,Amazonas,1169,2013,75,Ireland,2.5,Criollo,Peru
Wilkie's Organic,Amazonas,1169,2013,89,Ireland,2.75,Criollo,Peru
Wilkie's Organic,Tumbes,1169,2013,75,Ireland,3.25,Criollo,Peru
Wilkie's Organic,Amazonas w/ nibs,1173,2013,75,Ireland,2.75,Criollo,Peru
Willie's Cacao,Los Llanos,1848,2016,70,U.K.,4, ,Colombia
Willie's Cacao,Los Llanos,1227,2014,88,U.K.,3,Trinitario,Colombia
Willie's Cacao,"Java, Indonesian Black",1109,2013,100,U.K.,2.25, ,Indonesia
Willie's Cacao,Sambirano,593,2010,71,U.K.,3,Trinitario,Madagascar
Willie's Cacao,Hacienda Las Trincheras,593,2010,72,U.K.,3.5, ,Venezuela
Willie's Cacao,Java,593,2010,69,U.K.,3.75, ,Indonesia
Willie's Cacao,San Martin,457,2009,70,U.K.,3, ,Peru
Willie's Cacao,Rio Caribe,457,2009,72,U.K.,3.25,Trinitario,Venezuela
Wm,"Guasare, Zulia Prov., 2015, batch 124",1912,2016,74,U.S.A.,3,Criollo,Venezuela
Wm,"Wild Beniano, 2016, batch 128, Heirloom",1912,2016,76,U.S.A.,3.5, ,Bolivia
Wm,"Ghana, 2013, batch 129",1916,2016,75,U.S.A.,3.75, ,Ghana
Woodblock,"Maranon, Cajamarca",1243,2014,70,U.S.A.,3,Forastero (Nacional),Peru
Woodblock,"Camino Verde P., Balao, Guayas",1042,2013,70,U.S.A.,3.25, ,Ecuador
Woodblock,Gran Couva,1042,2013,70,U.S.A.,3.5,Trinitario,Trinidad
Woodblock,Ecuador,825,2012,70,U.S.A.,2.5, ,Ecuador
Woodblock,Costa Rica,825,2012,70,U.S.A.,3, ,Costa Rica
Woodblock,Sambirano,951,2012,70,U.S.A.,3.25,Trinitario,Madagascar
Woodblock,Ocumare,741,2011,70,U.S.A.,4, ,Venezuela
Woodblock,La Red,769,2011,70,U.S.A.,3.5, ,Dominican Republic
Xocolat,Hispaniola,1057,2013,66,Domincan Republic,3, ,Dominican Republic
Xocolla,"Sambirano, batch 170102",1948,2017,70,U.S.A.,2.75, ,Madagascar
Xocolla,"Hispaniola, batch 170104",1948,2017,70,U.S.A.,2.5, ,Dominican Republic
Zak's,"Papua New Guinea, Batch 2",1574,2015,70,U.S.A.,3, ,Papua New Guinea
Zak's,"Dominican Republic, Batch D2",1578,2015,70,U.S.A.,3.25, ,Domincan Republic
Zak's,"Madagascar, Batch 2",1578,2015,70,U.S.A.,3.25,Trinitario,Madagascar
Zak's,"Peru, Batch 1",1578,2015,70,U.S.A.,3.25, ,Peru
Zak's,"Belize, Batch 2",1578,2015,70,U.S.A.,3.5,Trinitario,Belize
Zak's,"House Blend, Batch 2",1582,2015,60,U.S.A.,3, , 
Zart Pralinen,"Millot P., Ambanja",1820,2016,70,Austria,3.5,"Criollo, Trinitario",Madagascar
Zart Pralinen,UNOCACE,1824,2016,70,Austria,2.75,Nacional (Arriba),Ecuador
Zart Pralinen,San Juan Estate,1824,2016,85,Austria,2.75,Trinitario,Trinidad
Zart Pralinen,"Kakao Kamili, Kilombero Valley",1824,2016,85,Austria,3,"Criollo, Trinitario",Tanzania
Zart Pralinen,"Kakao Kamili, Kilombero Valley",1824,2016,70,Austria,3.5,"Criollo, Trinitario",Tanzania
Zart Pralinen,"San Juan Estate, Gran Couva",1880,2016,78,Austria,3.5,Trinitario,Trinidad
Zokoko,Guadalcanal,1716,2016,78,Australia,3.75, ,Solomon Islands
Zokoko,Goddess Blend,1780,2016,65,Australia,3.25, , 
Zokoko,Alto Beni,697,2011,68,Australia,3.5, ,Bolivia
Zokoko,Tokiala,701,2011,66,Australia,3.5,Trinitario,Papua New Guinea
Zokoko,"Tranquilidad, Baures",701,2011,72,Australia,3.75, ,Bolivia
Zotter,Raw,1205,2014,80,Austria,2.75, , 
Zotter,"Bocas del Toro, Cocabo Co-op",801,2012,72,Austria,3.5, ,Panama
Zotter,Amazonas Frucht,801,2012,65,Austria,3.5, , 
Zotter,"Satipo Pangoa region, 16hr conche",875,2012,70,Austria,3,Criollo (Amarru),Peru
Zotter,"Satipo Pangoa region, 20hr conche",875,2012,70,Austria,3.5,Criollo (Amarru),Peru
Zotter,"Loma Los Pinos, Yacao region, D.R.",875,2012,62,Austria,3.75, ,Dominican Republic
Zotter,El Oro,879,2012,75,Austria,3,Forastero (Nacional),Ecuador
Zotter,Huiwani Coop,879,2012,75,Austria,3,"Criollo, Trinitario",Papua New Guinea
Zotter,El Ceibo Coop,879,2012,90,Austria,3.25, ,Bolivia
Zotter,Santo Domingo,879,2012,70,Austria,3.75, ,Dominican Republic
Zotter,"Kongo, Highlands",883,2012,68,Austria,3.25,Forastero,Congo
Zotter,"Indianer, Raw",883,2012,58,Austria,3.5, , 
Zotter,Peru,647,2011,70,Austria,3.75, ,Peru
Zotter,Congo,749,2011,65,Austria,3,Forastero,Congo
Zotter,Kerala State,749,2011,65,Austria,3.5,Forastero,India
Zotter,Kerala State,781,2011,62,Austria,3.25, ,India
Zotter,"Brazil, Mitzi Blue",486,2010,65,Austria,3, ,Brazil
